capped-resp run #1
 &cntrl
 nmol=1,
 ihfree=1,
 qwt=0.0005,
 iqopt=2,
 /
    1.00000
KM3
    1   43
    6   -1
    1   -1
    1   -1
    1   -1
    6   -1
    8   -1
    7   -1
    1   -1
    6   -1
    6   -1
    8   -1
    6    0
    6    0
    6    0
    6    0
    7    0
    6    0
    6   17
    6   17
    1   -1
    1    0
    1   21
    1    0
    1   23
    1    0
    1   25
    1    0
    1   27
    1    0
    1   29
    1   29
    1   29
    1   29
    1   29
    1   29
    1   29
    1   29
    7   -1
    1   -1
    6   -1
    1   -1
    1   -1
    1   -1


