   39 1410    0
                   6.6232137E+00  -4.0042613E+00  -9.5971624E-02
                   4.8917031E+00  -1.9125822E+00  -1.0343264E+00
                   6.0888219E+00   4.6195675E-01   2.2337695E-01
                   7.0975992E+00   1.2451405E-01   2.2968920E+00
                   2.1927436E+00  -2.4549525E+00  -6.8604612E-02
                   2.0335530E-01  -5.0063566E-01  -9.0304336E-01
                  -2.4518722E+00  -1.1988705E+00   9.3652930E-02
                  -4.3894461E+00   7.8922138E-01  -7.3304550E-01
                  -7.1235508E+00   3.6292188E-01   1.2010720E-01
                  -8.6976680E+00   2.5289560E+00  -8.9101714E-01
                  -8.1657498E+00  -2.0800989E+00  -9.2486780E-01
                  -7.3296783E+00   3.4390367E-01   2.9670399E+00
                   7.2431118E+00  -3.3219890E+00   1.6651604E+00
                   4.9774060E+00  -1.8883370E+00  -3.0984193E+00
                   1.6241250E+00  -4.3298876E+00  -7.5573355E-01
                   2.2571964E+00  -2.5418081E+00   2.0030925E+00
                   7.3320990E-01   1.3768203E+00  -2.0551526E-01
                   1.5818329E-01  -3.9166650E-01  -2.9754359E+00
                  -2.9720420E+00  -3.0688224E+00  -6.2798618E-01
                  -2.3763191E+00  -1.3288270E+00   2.1588286E+00
                  -3.8721128E+00   2.6528200E+00  -3.5507951E-03
                  -4.4711408E+00   9.1160193E-01  -2.7949898E+00
                   5.7487014E+00  -5.7233999E+00   9.2248864E-02
                   8.1896283E+00  -4.2410289E+00  -1.2180021E+00
                  -9.3223887E+00   2.1293243E-01   3.4786341E+00
                  -6.3192399E+00  -1.2830370E+00   3.7219079E+00
                  -6.5322064E+00   2.0949748E+00   3.7089180E+00
                  -1.0654373E+01   2.2572116E+00  -3.0270198E-01
                  -7.9738557E+00   4.3003039E+00  -1.2377705E-01
                  -8.5789686E+00   2.5419082E+00  -2.9491820E+00
                  -1.0158067E+01  -2.2148704E+00  -4.1274828E-01
                  -7.9722040E+00  -2.0678723E+00  -2.9779360E+00
                  -7.1402427E+00  -3.6706340E+00  -1.1472526E-01
                   5.8952931E+00   2.6663977E+00  -9.9792839E-01
                   5.2068357E+00   2.6786375E+00  -2.7833169E+00
                   6.9780872E+00   5.0306566E+00  -1.8547661E-02
                   5.5776850E+00   6.5414188E+00  -1.5042786E-01
                   8.6565664E+00   5.5506751E+00  -1.1066009E+00
                   7.5032496E+00   4.7360124E+00   1.9499610E+00
   2.6716500E-01   5.6311075E+00  -5.7226402E+00   3.3407842E+00
   2.5663600E-01   8.0508941E+00  -7.1304445E+00   1.8882407E+00
   2.4894900E-01   9.5143962E+00  -5.8623117E+00   1.8882407E+00
   2.6108000E-01   8.8775359E+00  -7.2702105E+00  -9.5971624E-02
   2.7654200E-01   5.6311075E+00  -5.7226402E+00  -3.5327275E+00
   2.2754600E-01   9.5255777E+00   4.6195675E-01  -1.7608353E+00
   1.3828200E-01   7.0975992E+00   1.2451405E-01   6.0007550E+00
   1.3234800E-01   8.9495306E+00   1.2451405E-01   5.5045318E+00
   1.3016000E-01   8.0235649E+00   1.7283339E+00   5.5045318E+00
   1.4215100E-01   6.1716334E+00   1.7283339E+00   5.5045318E+00
   1.5688100E-01   5.2456677E+00   1.2451405E-01   5.5045318E+00
   1.6438000E-01   6.1716334E+00  -1.4793058E+00   5.5045318E+00
   1.5302200E-01   8.0235649E+00  -1.4793058E+00   5.5045318E+00
   1.3685700E-01   1.0305239E+01   1.2451405E-01   4.1488235E+00
   1.3229600E-01   9.6926333E+00   2.0099163E+00   4.1488235E+00
   1.7530600E-01   4.5025651E+00   2.0099163E+00   4.1488235E+00
   1.9401600E-01   3.8899594E+00   1.2451405E-01   4.1488235E+00
   2.1083800E-01   4.5025651E+00  -1.7608883E+00   4.1488235E+00
   1.6547100E-01   9.6926333E+00  -1.7608883E+00   4.1488235E+00
   1.5427100E-01   1.0801462E+01   1.2451405E-01   2.2968920E+00
   1.4857500E-01   1.0305239E+01   1.9764455E+00   2.2968920E+00
   1.9064900E-01   1.0305239E+01  -1.7274174E+00   2.2968920E+00
   1.9060700E-01   1.0305239E+01   1.2451405E-01   4.4496055E-01
   2.4354000E-01  -5.7853961E-02  -5.0522788E+00   1.9156077E+00
   2.4375200E-01  -2.8574547E-01   2.9011395E+00  -2.8872556E+00
   2.6221000E-01  -4.7024697E+00  -3.7961968E+00   2.0778652E+00
   2.4680700E-01  -1.0241918E+00  -4.3250537E+00   2.0778652E+00
   2.5572900E-01  -1.4982617E+00   2.6472718E+00  -2.7172578E+00
   2.4612400E-01  -4.8785468E+00   4.1909965E+00  -2.7172578E+00
   2.1306200E-01  -1.0948265E+01   5.1262843E+00   1.0931951E+00
   2.4333900E-01  -5.8064836E+00   4.3870064E+00  -2.8752294E+00
   2.1130800E-01  -9.1867687E+00   5.9307312E+00  -2.8752294E+00
   2.0686300E-01  -1.0948265E+01   5.1262843E+00  -2.8752294E+00
   2.3483000E-01  -9.1578559E+00  -3.7984777E+00   2.5118880E+00
   2.1458400E-01  -9.5729720E+00  -5.7906401E+00  -9.2486780E-01
   2.1177700E-01  -1.0416347E+01  -4.6774252E+00  -2.9090801E+00
   2.1675400E-01  -8.6548505E+00  -5.4818740E+00  -2.9090801E+00
   2.2940500E-01  -6.7380693E+00  -5.2062820E+00  -2.9090801E+00
   2.4977600E-01  -5.2745654E+00  -3.9381493E+00  -2.9090801E+00
   2.1262900E-01  -7.3296783E+00   3.4390367E-01   6.9354645E+00
   2.2287800E-01  -5.3454660E+00   3.4390367E-01   6.4037957E+00
   2.1247100E-01  -8.3217844E+00   2.0622825E+00   6.4037957E+00
   2.1378000E-01  -8.3217844E+00  -1.3744752E+00   6.4037957E+00
   2.4181400E-01  -8.7369006E+00  -3.3666376E+00   2.9670399E+00
   2.1008000E-01   7.2431118E+00  -3.3219890E+00   4.8399001E+00
   2.0664000E-01   9.1091766E+00  -3.3219890E+00   4.2335796E+00
   2.4497000E-01   5.7334324E+00  -4.4188351E+00   4.2335796E+00
   2.3313500E-01   7.8197580E+00  -5.0967233E+00   4.2335796E+00
   2.2078400E-01   1.0262469E+01  -3.3219890E+00   2.6462098E+00
   2.4128900E-01   9.5560741E+00  -5.2627943E+00   2.6462098E+00
   2.6827400E-01   7.9967629E+00  -1.8883370E+00  -4.0794687E+00
   2.5938700E-01   7.2903682E+00   5.2468242E-02  -4.0794687E+00
   2.6588000E-01   2.1401392E+00  -2.9210175E+00  -4.0794687E+00
   2.6395000E-01   3.4677266E+00  -4.5031773E+00  -4.0794687E+00
   2.7389600E-01   5.5017123E+00  -4.8618228E+00  -4.0794687E+00
   2.4356200E-01   6.8434707E+00  -1.8883370E+00  -5.6668385E+00
   2.5144500E-01   5.5540521E+00  -1.1360277E-01  -5.6668385E+00
   2.5271800E-01   3.4677266E+00  -7.9149094E-01  -5.6668385E+00
   2.4580600E-01   3.4677266E+00  -2.9851831E+00  -5.6668385E+00
   2.4519300E-01   5.5540521E+00  -3.6630713E+00  -5.6668385E+00
   2.3992700E-01   4.9774060E+00  -1.8883370E+00  -6.2731590E+00
   2.4112600E-01   1.1444559E-01  -5.4267337E+00   1.8126856E+00
   2.5457500E-01   2.2007711E+00  -6.1046200E+00   1.8126856E+00
   2.3428700E-01   1.1444559E-01  -6.9447279E+00   2.2531581E-01
   2.5271600E-01   2.1484314E+00  -7.3033733E+00   2.2531581E-01
   2.3386300E-01   1.1444559E-01  -6.9447279E+00  -1.7367829E+00
   2.4803800E-01   2.1484314E+00  -7.3033733E+00  -1.7367829E+00
   2.3948300E-01   1.1444559E-01  -5.4267337E+00  -3.3241527E+00
   2.4738400E-01   2.2007711E+00  -6.1046200E+00  -3.3241527E+00
   2.5126200E-01   1.6241250E+00  -4.3298876E+00  -3.9304732E+00
   2.1806200E-01   2.2571964E+00  -2.5418081E+00   5.1778322E+00
   2.2046400E-01   4.1232612E+00  -2.5418081E+00   4.5715117E+00
   2.1452800E-01   2.8338425E+00  -7.6707379E-01   4.5715117E+00
   2.3072500E-01   7.4751702E-01  -1.4449620E+00   4.5715117E+00
   2.2719600E-01   7.4751702E-01  -3.6386542E+00   4.5715117E+00
   2.2783200E-01   2.8338425E+00  -4.3165423E+00   4.5715117E+00
   2.3439400E-01   2.7815028E+00   4.3167767E-01   2.9841419E+00
   2.3540100E-01   7.4751702E-01  -5.1566484E+00   2.9841419E+00
   2.4956200E-01   2.7815028E+00  -5.5152938E+00   2.9841419E+00
   2.3645400E-01   7.3320990E-01   1.3768203E+00   2.9692244E+00
   2.3840500E-01   2.5992746E+00   1.3768203E+00   2.3629039E+00
   2.2549700E-01   1.3098560E+00   3.1515546E+00   2.3629039E+00
   2.4466000E-01  -7.7646762E-01   2.4736664E+00   2.3629039E+00
   2.2575900E-01   1.2575163E+00   4.3503061E+00   7.7553410E-01
   2.4336100E-01  -7.7646762E-01   3.9916606E+00   7.7553410E-01
   2.3121100E-01   1.2575163E+00   4.3503061E+00  -1.1865646E+00
   2.4374800E-01  -7.7646762E-01   3.9916606E+00  -1.1865646E+00
   2.4349200E-01   1.3098560E+00   3.1515546E+00  -2.7739344E+00
   2.6874800E-01   2.4711455E+00   1.5491388E+00  -3.9564853E+00
   2.4030500E-01   6.8248966E-01   2.5818192E+00  -3.9564853E+00
   2.4605800E-01  -1.3514942E+00   2.2231738E+00  -3.9564853E+00
   2.4588700E-01  -1.3514942E+00  -3.0065068E+00  -3.9564853E+00
   2.5172700E-01   6.8248966E-01  -3.3651522E+00  -3.9564853E+00
   2.4653100E-01   2.0242480E+00  -3.9166650E-01  -5.5438551E+00
   2.3407500E-01   7.3482940E-01   1.3830678E+00  -5.5438551E+00
   2.3561800E-01  -1.3514942E+00   7.0517960E-01  -5.5438551E+00
   2.3434900E-01  -1.3514942E+00  -1.4885126E+00  -5.5438551E+00
   2.3700200E-01   7.3482940E-01  -2.1663989E+00  -5.5438551E+00
   2.2986700E-01   1.5818329E-01  -3.9166650E-01  -6.1501756E+00
   2.5535000E-01  -4.4817214E+00  -4.1656685E+00   1.9404330E+00
   2.3862000E-01  -2.3953959E+00  -4.8435548E+00   1.9404330E+00
   2.4209300E-01  -4.4817214E+00  -5.6836627E+00   3.5306318E-01
   2.3394400E-01  -2.4477356E+00  -6.0423081E+00   3.5306318E-01
   2.3772800E-01  -4.4817214E+00  -5.6836627E+00  -1.6090355E+00
   2.3404700E-01  -2.4477356E+00  -6.0423081E+00  -1.6090355E+00
   2.4319000E-01  -4.4817214E+00  -4.1656685E+00  -3.1964054E+00
   2.3704900E-01  -2.3953959E+00  -4.8435548E+00  -3.1964054E+00
   2.4618800E-01  -2.9720420E+00  -3.0688224E+00  -3.8027258E+00
   2.3026600E-01  -2.3763191E+00  -1.3288270E+00   5.3335683E+00
   2.3185300E-01  -5.1025436E-01  -1.3288270E+00   4.7272478E+00
   2.3288600E-01  -1.7996730E+00   4.4590730E-01   4.7272478E+00
   2.2920100E-01  -1.7996730E+00  -3.1035594E+00   4.7272478E+00
   2.4448700E-01  -6.3356843E-02   6.1197831E-01   3.1398780E+00
   2.4860600E-01  -1.8520127E+00   1.6446588E+00   3.1398780E+00
   2.4464000E-01  -3.8859985E+00  -3.9436673E+00   3.1398780E+00
   2.3530100E-01  -1.8520127E+00  -4.3023127E+00   3.1398780E+00
   2.5047600E-01  -2.0060481E+00   2.6528200E+00   2.5648684E+00
   2.4126100E-01  -3.2954667E+00   4.4275543E+00   2.5648684E+00
   2.3870200E-01  -1.5591506E+00   4.5936253E+00   9.7749856E-01
   2.3303000E-01  -3.3478064E+00   5.6263058E+00   9.7749856E-01
   2.3997900E-01  -1.5591506E+00   4.5936253E+00  -9.8460015E-01
   2.3148900E-01  -3.3478064E+00   5.6263058E+00  -9.8460015E-01
   2.3832000E-01  -3.2954667E+00   4.4275543E+00  -2.5719700E+00
   2.4440700E-01  -2.1581786E+00   2.8524072E+00  -3.7760391E+00
   2.3605400E-01  -3.9468345E+00   3.8850877E+00  -3.7760391E+00
   2.5849700E-01  -3.9468345E+00  -2.0618838E+00  -3.7760391E+00
   2.4058700E-01  -2.6050761E+00   9.1160193E-01  -5.3634090E+00
   2.3082500E-01  -3.8944947E+00   2.6863362E+00  -5.3634090E+00
   2.4139000E-01  -5.9808183E+00   2.0084480E+00  -5.3634090E+00
   2.4785800E-01  -5.9808183E+00  -1.8524417E-01  -5.3634090E+00
   2.4183800E-01  -3.8944947E+00  -8.6313046E-01  -5.3634090E+00
   2.3312100E-01  -4.4711408E+00   9.1160193E-01  -5.9697294E+00
   2.6134400E-01   4.2390220E+00  -6.8202460E+00   2.6606681E+00
   2.5236900E-01   6.3253475E+00  -7.4981341E+00   2.6606681E+00
   2.7261800E-01   2.9114347E+00  -6.7560803E+00   1.0732982E+00
   2.5533600E-01   4.2390220E+00  -8.3382402E+00   1.0732982E+00
   2.4823000E-01   6.2730078E+00  -8.6968856E+00   1.0732982E+00
   2.5634300E-01   8.0616637E+00  -7.6642052E+00   1.0732982E+00
   2.5930700E-01   4.2390220E+00  -8.3382402E+00  -8.8880049E-01
   2.5263300E-01   6.2730078E+00  -8.6968856E+00  -8.8880049E-01
   2.6719500E-01   8.0616637E+00  -7.6642052E+00  -8.8880049E-01
   2.7503900E-01   4.2390220E+00  -6.8202460E+00  -2.4761703E+00
   2.6701500E-01   6.3253475E+00  -7.4981341E+00  -2.4761703E+00
   2.4120200E-01   1.1208985E+01  -4.2410289E+00  -2.3695274E-01
   2.4847500E-01   1.0502591E+01  -2.3002236E+00  -2.3695274E-01
   2.4502600E-01   1.0502591E+01  -6.1818342E+00  -2.3695274E-01
   2.4082900E-01   1.1208985E+01  -4.2410289E+00  -2.1990515E+00
   2.5148300E-01   1.0502591E+01  -2.3002236E+00  -2.1990515E+00
   2.8661700E-01   8.7139347E+00  -1.2675432E+00  -2.1990515E+00
   2.5688800E-01   8.7139347E+00  -7.2145146E+00  -2.1990515E+00
   2.4211100E-01   1.0502591E+01  -6.1818342E+00  -2.1990515E+00
   2.4849800E-01   1.0055693E+01  -4.2410289E+00  -3.7864213E+00
   2.7020200E-01   8.7662745E+00  -2.4662946E+00  -3.7864213E+00
   2.5315700E-01   8.7662745E+00  -6.0157632E+00  -3.7864213E+00
   2.6464100E-01   8.1896283E+00  -4.2410289E+00  -4.3927418E+00
   2.0682300E-01  -9.3223887E+00   2.1293243E-01   6.6533737E+00
   2.0006900E-01  -1.0832066E+01   1.3097785E+00   6.0470532E+00
   2.0031400E-01  -1.0832066E+01  -8.8391366E-01   6.0470532E+00
   2.1149700E-01  -1.0832066E+01   2.8277727E+00   4.4596834E+00
   2.0597000E-01  -1.2159655E+01   1.2456129E+00   4.4596834E+00
   2.0605500E-01  -1.2159655E+01  -8.1974802E-01   4.4596834E+00
   2.1179400E-01  -1.0832066E+01  -2.4019079E+00   4.4596834E+00
   2.3139000E-01  -1.2159655E+01   1.2456129E+00   2.4975847E+00
   2.2947700E-01  -1.2159655E+01  -8.1974802E-01   2.4975847E+00
   2.1234800E-01  -6.3192399E+00  -1.2830370E+00   6.8966476E+00
   2.2179400E-01  -4.4531752E+00  -1.2830370E+00   6.2903271E+00
   2.1104300E-01  -7.8289193E+00  -2.3798831E+00   6.2903271E+00
   2.1394200E-01  -5.7425938E+00  -3.0577694E+00   6.2903271E+00
   2.1911100E-01  -7.8289193E+00  -3.8978773E+00   4.7029573E+00
   2.2537000E-01  -5.7949336E+00  -4.2565228E+00   4.7029573E+00
   2.3777700E-01  -4.0062777E+00  -3.2238423E+00   4.7029573E+00
   2.5239100E-01  -5.7949336E+00  -4.2565228E+00   2.7408586E+00
   2.0944000E-01  -6.5322064E+00   2.0949748E+00   6.8836576E+00
   2.1691100E-01  -4.6661416E+00   2.0949748E+00   6.2773371E+00
   2.0768300E-01  -5.9555603E+00   3.8697091E+00   6.2773371E+00
   2.0669500E-01  -8.0418839E+00   3.1918209E+00   6.2773371E+00
   2.3661400E-01  -3.5128494E+00   2.0949748E+00   4.6899673E+00
   2.2594500E-01  -4.2192441E+00   4.0357801E+00   4.6899673E+00
   2.1734100E-01  -6.0079000E+00   5.0684605E+00   4.6899673E+00
   2.1375200E-01  -8.0418839E+00   4.7098151E+00   4.6899673E+00
   2.4387700E-01  -6.0079000E+00   5.0684605E+00   2.7278686E+00
   2.1176700E-01  -1.2164051E+01   3.3540576E+00   2.2657172E+00
   2.3457400E-01  -1.2164051E+01   1.1603655E+00   2.2657172E+00
   2.0173100E-01  -1.2164051E+01   4.8720519E+00   6.7834738E-01
   1.9897700E-01  -1.3491640E+01   3.2898920E+00   6.7834738E-01
   2.1127200E-01  -1.3491640E+01   1.2245311E+00   6.7834738E-01
   2.0268600E-01  -1.2164051E+01   4.8720519E+00  -1.2837513E+00
   1.9661500E-01  -1.3491640E+01   3.2898920E+00  -1.2837513E+00
   2.0653800E-01  -1.3491640E+01   1.2245311E+00  -1.2837513E+00
   2.0726600E-01  -1.2164051E+01   3.3540576E+00  -2.8711212E+00
   2.1582100E-01  -1.2164051E+01   1.1603655E+00  -2.8711212E+00
   2.2276400E-01  -7.3972096E+00   6.0750382E+00   2.4446421E+00
   2.1598200E-01  -9.4835332E+00   5.3971500E+00   2.4446421E+00
   2.3152700E-01  -5.6608934E+00   6.2411092E+00   8.5727230E-01
   2.0907100E-01  -7.4495493E+00   7.2737897E+00   8.5727230E-01
   2.0207200E-01  -9.4835332E+00   6.9151442E+00   8.5727230E-01
   2.2720200E-01  -5.6608934E+00   6.2411092E+00  -1.1048264E+00
   2.0703100E-01  -7.4495493E+00   7.2737897E+00  -1.1048264E+00
   2.0253600E-01  -9.4835332E+00   6.9151442E+00  -1.1048264E+00
   2.1654000E-01  -7.3972096E+00   6.0750382E+00  -2.6921962E+00
   2.3013200E-01  -6.2660063E+00   4.4827135E+00  -3.9302313E+00
   2.1189700E-01  -8.0546622E+00   5.5153940E+00  -3.9302313E+00
   2.0517000E-01  -1.0088646E+01   5.1567485E+00  -3.9302313E+00
   2.0562700E-01  -1.1416235E+01   3.5745887E+00  -3.9302313E+00
   2.1490900E-01  -1.1416235E+01   1.5092278E+00  -3.9302313E+00
   2.3301100E-01  -6.7129039E+00   2.5419082E+00  -5.5176012E+00
   2.0968100E-01  -8.0023225E+00   4.3166425E+00  -5.5176012E+00
   2.0177100E-01  -1.0088646E+01   3.6387543E+00  -5.5176012E+00
   2.1331900E-01  -1.0088646E+01   1.4450621E+00  -5.5176012E+00
   2.3743900E-01  -8.0023225E+00   7.6717584E-01  -5.5176012E+00
   2.1351800E-01  -8.5789686E+00   2.5419082E+00  -6.1239216E+00
   2.1554700E-01  -1.1667747E+01  -3.3117164E+00   2.1556709E+00
   2.1996100E-01  -1.2995334E+01  -1.1821899E+00   5.6830108E-01
   2.0358000E-01  -1.2995334E+01  -3.2475508E+00   5.6830108E-01
   2.0354300E-01  -1.1667747E+01  -4.8297107E+00   5.6830108E-01
   2.1365500E-01  -1.2995334E+01  -1.1821899E+00  -1.3937976E+00
   2.0032300E-01  -1.2995334E+01  -3.2475508E+00  -1.3937976E+00
   2.0280400E-01  -1.1667747E+01  -4.8297107E+00  -1.3937976E+00
   2.2102500E-01  -1.1667747E+01  -1.1180243E+00  -2.9811675E+00
   2.0807000E-01  -1.1667747E+01  -3.3117164E+00  -2.9811675E+00
   2.5982800E-01  -4.9528471E+00  -2.0678723E+00  -3.9589854E+00
   2.2291400E-01  -1.0809471E+01  -1.0351919E+00  -3.9589854E+00
   2.1145800E-01  -1.0809471E+01  -3.1005528E+00  -3.9589854E+00
   2.1107700E-01  -9.4818835E+00  -4.6827127E+00  -3.9589854E+00
   2.1866400E-01  -7.4478977E+00  -5.0413581E+00  -3.9589854E+00
   2.3572800E-01  -5.6592418E+00  -4.0086776E+00  -3.9589854E+00
   2.3413200E-01  -6.1061393E+00  -2.0678723E+00  -5.5463552E+00
   2.4021100E-01  -7.3955579E+00  -2.9313807E-01  -5.5463552E+00
   2.1929500E-01  -9.4818835E+00  -9.7102625E-01  -5.5463552E+00
   2.0671500E-01  -9.4818835E+00  -3.1647184E+00  -5.5463552E+00
   2.1456900E-01  -7.3955579E+00  -3.8426047E+00  -5.5463552E+00
   2.1733500E-01  -7.9722040E+00  -2.0678723E+00  -6.1526757E+00
   2.2523600E-01  -8.6499221E+00  -4.7674801E+00   2.4536939E+00
   2.3040500E-01  -6.5635966E+00  -5.4453664E+00   2.4536939E+00
   2.1145700E-01  -8.6499221E+00  -6.2854743E+00   8.6632409E-01
   2.1914800E-01  -6.6159364E+00  -6.6441197E+00   8.6632409E-01
   2.4185100E-01  -4.8272805E+00  -5.6114393E+00   8.6632409E-01
   2.1335600E-01  -8.6499221E+00  -6.2854743E+00  -1.0957746E+00
   2.1849500E-01  -6.6159364E+00  -6.6441197E+00  -1.0957746E+00
   2.4327900E-01  -4.8272805E+00  -5.6114393E+00  -1.0957746E+00
   2.2791900E-01  -6.5635966E+00  -5.4453664E+00  -2.6831445E+00
   2.0095900E-01   9.3320490E+00   2.6663977E+00  -2.9821407E+00
   2.2835700E-01   8.7864775E+00   8.0834730E-01  -2.9821407E+00
   2.2399200E-01   5.7311421E+00   5.6521232E+00  -3.7643663E+00
   2.2980400E-01   3.6971582E+00   5.2934778E+00  -3.7643663E+00
   2.4459200E-01   2.3695690E+00   3.7113179E+00  -3.7643663E+00
   2.2595100E-01   7.0729004E+00   2.6786375E+00  -5.3517361E+00
   2.2337700E-01   5.7834818E+00   4.4533717E+00  -5.3517361E+00
   2.3662600E-01   3.6971582E+00   3.7754836E+00  -5.3517361E+00
   2.5730000E-01   3.6971582E+00   1.5817914E+00  -5.3517361E+00
   2.5549700E-01   5.7834818E+00   9.0390318E-01  -5.3517361E+00
   2.3606600E-01   5.2068357E+00   2.6786375E+00  -5.9580566E+00
   1.6730300E-01   9.8692716E+00   6.8887070E+00   1.9656646E+00
   1.6831700E-01   8.4057676E+00   8.1568397E+00   1.9656646E+00
   1.8135700E-01   1.0491953E+01   3.1864371E+00  -1.8547661E-02
   1.9955600E-01   5.9859811E+00   6.7490354E+00  -3.4553035E+00
   1.7164200E-01   6.1543311E+00   8.3161531E+00   2.4179913E+00
   1.7955200E-01   4.0680075E+00   7.6382649E+00   2.4179913E+00
   1.6770600E-01   6.1019914E+00   9.5149045E+00   8.3062150E-01
   1.7549800E-01   4.0680075E+00   9.1562591E+00   8.3062150E-01
   1.9156700E-01   2.7404183E+00   7.5740992E+00   8.3062150E-01
   2.0821100E-01   2.7404183E+00   5.5087383E+00   8.3062150E-01
   1.6975200E-01   6.1019914E+00   9.5149045E+00  -1.1314772E+00
   1.7883900E-01   4.0680075E+00   9.1562591E+00  -1.1314772E+00
   1.9704600E-01   2.7404183E+00   7.5740992E+00  -1.1314772E+00
   2.1845500E-01   2.7404183E+00   5.5087383E+00  -1.1314772E+00
   1.7928200E-01   6.1543311E+00   8.3161531E+00  -2.7188470E+00
   1.9421800E-01   4.0680075E+00   7.6382649E+00  -2.7188470E+00
   1.6303600E-01   1.1675923E+01   5.5506751E+00  -1.2555150E-01
   1.6014600E-01   1.0969529E+01   7.4914804E+00  -1.2555150E-01
   1.6688000E-01   9.1808728E+00   8.5241609E+00  -1.2555150E-01
   1.7538200E-01   1.0969529E+01   3.6098699E+00  -1.2555150E-01
   1.6675700E-01   1.1675923E+01   5.5506751E+00  -2.0876502E+00
   1.6166900E-01   1.0969529E+01   7.4914804E+00  -2.0876502E+00
   1.6486000E-01   9.1808728E+00   8.5241609E+00  -2.0876502E+00
   1.8159300E-01   1.0969529E+01   3.6098699E+00  -2.0876502E+00
   1.7456600E-01   1.0522631E+01   5.5506751E+00  -3.6750200E+00
   1.7103100E-01   9.2332125E+00   7.3254094E+00  -3.6750200E+00
   1.9249400E-01   7.1468889E+00   6.6475212E+00  -3.6750200E+00
   1.9785600E-01   9.2332125E+00   3.7759409E+00  -3.6750200E+00
   1.8881100E-01   8.6565664E+00   5.5506751E+00  -4.2813405E+00
   1.6136300E-01   7.5032496E+00   4.7360124E+00   5.1247007E+00
   1.5691600E-01   9.3693144E+00   4.7360124E+00   4.5183802E+00
   1.6185400E-01   8.0798957E+00   6.5107466E+00   4.5183802E+00
   1.7064400E-01   5.9935721E+00   5.8328585E+00   4.5183802E+00
   1.6740900E-01   5.9935721E+00   3.6391663E+00   4.5183802E+00
   1.4504000E-01   8.0798957E+00   2.9612781E+00   4.5183802E+00
   1.5949100E-01   1.0522607E+01   4.7360124E+00   2.9310104E+00
   1.6190400E-01   9.8162119E+00   6.6768177E+00   2.9310104E+00
   1.6801900E-01   8.0275560E+00   7.7094981E+00   2.9310104E+00
   1.9702100E-01   4.6659829E+00   3.7033319E+00   2.9310104E+00
   1.5094900E-01   9.8162119E+00   2.7952071E+00   2.9310104E+00
   2.4356900E-01   5.6393071E+00  -5.7084351E+00   3.9902301E+00
   2.3372700E-01   8.0962230E+00  -7.2297005E+00   2.7317690E+00
   2.2775900E-01   9.6061915E+00  -5.9213052E+00   2.7317690E+00
   2.2141800E-01   1.0606966E+01  -2.0857869E+00   9.1323654E-01
   2.3284000E-01   9.3800556E+00  -7.4612316E+00   9.1323654E-01
   2.3194100E-01   1.0606966E+01  -5.9227357E+00   9.1323654E-01
   2.5807700E-01   5.6393071E+00  -5.7084351E+00  -4.1821734E+00
   2.6429300E-01   4.3870726E+00  -5.4223646E+00  -3.8620651E+00
   2.0041800E-01   3.7667681E+00   3.1417488E+00   3.0511176E+00
   2.2258900E-01   2.6865819E+00   1.4609453E+00   3.0511176E+00
   2.0228000E-01   1.0510454E+01   4.6195675E-01  -7.8583121E-01
   2.2144700E-01   9.6346961E+00   4.6195675E-01  -2.6043618E+00
   1.4123900E-01   7.0975992E+00   1.2451405E-01   6.5298782E+00
   1.3493600E-01   8.9342239E+00   1.2451405E-01   6.1106803E+00
   1.3376800E-01   8.0159115E+00   1.7150775E+00   6.1106803E+00
   1.4440700E-01   6.1792868E+00   1.7150775E+00   6.1106803E+00
   1.5722800E-01   5.2609745E+00   1.2451405E-01   6.1106803E+00
   1.6243900E-01   6.1792868E+00  -1.4660494E+00   6.1106803E+00
   1.5159600E-01   8.0159115E+00  -1.4660494E+00   6.1106803E+00
   1.3666600E-01   1.0407082E+01   1.2451405E-01   4.9361155E+00
   1.3332200E-01   9.7750253E+00   2.0697791E+00   4.9361155E+00
   1.6980300E-01   4.4201711E+00   2.0697791E+00   4.9361155E+00
   1.8621500E-01   3.7881164E+00   1.2451405E-01   4.9361155E+00
   1.9886100E-01   4.4201711E+00  -1.8207510E+00   4.9361155E+00
   1.5860800E-01   9.7750253E+00  -1.8207510E+00   4.9361155E+00
   1.4699600E-01   1.1224456E+01   1.2451405E-01   3.2388203E+00
   1.4206900E-01   1.0751749E+01   2.0423592E+00   3.2388203E+00
   1.7276800E-01   1.0751749E+01  -1.7933311E+00   3.2388203E+00
   1.6834900E-01   1.1224456E+01   1.2451405E-01   1.3549638E+00
   1.6221400E-01   1.0751749E+01   2.0423592E+00   1.3549638E+00
   2.0372700E-01   1.0751749E+01  -1.7933311E+00   1.3549638E+00
   2.2194800E-01  -9.6815727E+00   4.2331317E+00   3.1951846E+00
   2.0319500E-01  -1.1019722E+01   5.2087481E+00   1.9367235E+00
   1.9489800E-01  -1.1454510E+01   5.9859282E+00   1.1819102E-01
   1.9171000E-01  -1.1454510E+01   5.9859282E+00  -1.9002253E+00
   1.9904100E-01  -9.2022985E+00   6.0387384E+00  -3.7187559E+00
   1.9435800E-01  -1.1019722E+01   5.2087481E+00  -3.7187559E+00
   1.9594300E-01  -1.2099908E+01   3.5279446E+00  -3.7187559E+00
   2.0475200E-01  -1.2099908E+01   1.5299675E+00  -3.7187559E+00
   1.9773400E-01  -1.0922592E+01  -5.5370691E+00  -1.9340760E+00
   2.0191400E-01  -9.1496564E+00  -6.3908700E+00  -1.9340760E+00
   2.1156600E-01  -1.1567990E+01  -1.0811103E+00  -3.7526065E+00
   2.0120400E-01  -1.1567990E+01  -3.0790874E+00  -3.7526065E+00
   1.9910200E-01  -1.0487803E+01  -4.7598910E+00  -3.7526065E+00
   2.0463100E-01  -8.6703803E+00  -5.5898794E+00  -3.7526065E+00
   1.9874400E-01  -7.3296783E+00   3.4390367E-01   7.5023822E+00
   2.0822900E-01  -5.3618669E+00   3.4390367E-01   7.0532416E+00
   1.9799500E-01  -8.3135849E+00   2.0480794E+00   7.0532416E+00
   1.9944900E-01  -8.3135849E+00  -1.3602701E+00   7.0532416E+00
   2.2539500E-01  -3.7838040E+00   3.4390367E-01   5.7947805E+00
   2.0133000E-01  -9.6517320E+00   3.0236958E+00   5.7947805E+00
   2.1315900E-01  -1.0086520E+01   3.8008758E+00   3.9762480E+00
   1.9611600E-01   7.2431118E+00  -3.3219890E+00   5.2934343E+00
   1.9107400E-01   9.0572488E+00  -3.3219890E+00   4.8073382E+00
   2.1696900E-01   5.4289749E+00  -3.3219890E+00   4.8073382E+00
   2.2329900E-01   6.3360434E+00  -4.8930770E+00   4.8073382E+00
   2.1058400E-01   8.1501803E+00  -4.8930770E+00   4.8073382E+00
   1.9851600E-01   1.0385290E+01  -3.3219890E+00   3.4792973E+00
   2.3199400E-01   8.2140984E+00  -6.3103771E+00   3.4792973E+00
   2.1560300E-01   9.7851864E+00  -5.1689146E+00   3.4792973E+00
   2.2073000E-01   1.0871386E+01  -3.3219890E+00   1.6651604E+00
   2.4423900E-01   8.1195838E+00  -1.8883370E+00  -4.9125562E+00
   2.4060600E-01   7.5194805E+00  -4.1411455E-02  -4.9125562E+00
   2.4632500E-01   2.4353315E+00  -3.7352626E+00  -4.9125562E+00
   2.4533800E-01   4.0064194E+00  -4.8767252E+00  -4.9125562E+00
   2.5080200E-01   5.9483925E+00  -4.8767252E+00  -4.9125562E+00
   2.5473000E-01   7.5194805E+00  -3.7352626E+00  -4.9125562E+00
   2.2884900E-01   6.7915429E+00  -1.8883370E+00  -6.2405971E+00
   2.3380400E-01   5.8844744E+00  -3.1724909E-01  -6.2405971E+00
   2.3910400E-01   4.0703375E+00  -3.1724909E-01  -6.2405971E+00
   2.3565800E-01   3.1632690E+00  -1.8883370E+00  -6.2405971E+00
   2.3089200E-01   4.0703375E+00  -3.4594250E+00  -6.2405971E+00
   2.3015900E-01   5.8844744E+00  -3.4594250E+00  -6.2405971E+00
   2.2720700E-01   4.9774060E+00  -1.8883370E+00  -6.7266932E+00
   2.3237100E-01  -9.1794952E-01  -6.1768132E+00   1.0584034E+00
   2.2737800E-01   6.5313843E-01  -7.3182757E+00   1.0584034E+00
   2.5322200E-01   2.5951116E+00  -7.3182757E+00   1.0584034E+00
   2.2411400E-01  -1.9001195E-01  -7.4720654E+00  -7.5573355E-01
   2.3230000E-01   1.6241250E+00  -7.9581615E+00  -7.5573355E-01
   2.3090500E-01  -9.1794952E-01  -6.1768132E+00  -2.5698705E+00
   2.2501500E-01   6.5313843E-01  -7.3182757E+00  -2.5698705E+00
   2.4207600E-01   2.5951116E+00  -7.3182757E+00  -2.5698705E+00
   2.3978400E-01  -1.9001195E-01  -4.3298876E+00  -3.8979113E+00
   2.2977100E-01   7.1705653E-01  -5.9009755E+00  -3.8979113E+00
   2.4228700E-01   2.5311935E+00  -5.9009755E+00  -3.8979113E+00
   2.4375300E-01   1.6241250E+00  -4.3298876E+00  -4.3840074E+00
   2.0789500E-01   2.2571964E+00  -2.5418081E+00   5.6313664E+00
   2.0763200E-01   4.0713334E+00  -2.5418081E+00   5.1452703E+00
   2.0193500E-01   3.1642649E+00  -9.7072011E-01   5.1452703E+00
   2.1499100E-01   1.3501280E+00  -9.7072011E-01   5.1452703E+00
   2.2020500E-01   4.4305949E-01  -2.5418081E+00   5.1452703E+00
   2.1447900E-01   1.3501280E+00  -4.1128960E+00   5.1452703E+00
   2.1565700E-01   3.1642649E+00  -4.1128960E+00   5.1452703E+00
   2.2791600E-01   1.2862099E+00   4.4658005E-01   3.8172295E+00
   2.2867600E-01  -2.8487808E-01  -4.3887337E+00   3.8172295E+00
   2.2362500E-01   1.2862099E+00  -5.5301962E+00   3.8172295E+00
   2.3617300E-01   3.2281830E+00  -5.5301962E+00   3.8172295E+00
   2.2936900E-01   7.3320990E-01   1.3768203E+00   3.4227586E+00
   2.2668000E-01   2.5473469E+00   1.3768203E+00   2.9366625E+00
   2.1742100E-01   1.6402784E+00   2.9479083E+00   2.9366625E+00
   2.2810200E-01  -1.7385857E-01   2.9479083E+00   2.9366625E+00
   2.1606800E-01   1.7041965E+00   4.3652085E+00   1.6086217E+00
   2.2679900E-01  -2.3777666E-01   4.3652085E+00   1.6086217E+00
   2.2229800E-01   7.3320990E-01   5.0050942E+00  -2.0551526E-01
   2.3052300E-01   1.7041965E+00   4.3652085E+00  -2.0196522E+00
   2.3128500E-01  -2.3777666E-01   4.3652085E+00  -2.0196522E+00
   2.3430100E-01   1.1291699E+00   2.5967216E+00  -4.7895729E+00
   2.3033500E-01  -8.1280327E-01   2.5967216E+00  -4.7895729E+00
   2.3907100E-01  -2.3838912E+00  -2.2385921E+00  -4.7895729E+00
   2.3322600E-01  -8.1280327E-01  -3.3800546E+00  -4.7895729E+00
   2.4191600E-01   1.1291699E+00  -3.3800546E+00  -4.7895729E+00
   2.3434700E-01   1.9723202E+00  -3.9166650E-01  -6.1176137E+00
   2.2632700E-01   1.0652518E+00   1.1794215E+00  -6.1176137E+00
   2.2313000E-01  -7.4888518E-01   1.1794215E+00  -6.1176137E+00
   2.2640000E-01  -1.6559537E+00  -3.9166650E-01  -6.1176137E+00
   2.2343900E-01  -7.4888518E-01  -1.9627544E+00  -6.1176137E+00
   2.2866700E-01   1.0652518E+00  -1.9627544E+00  -6.1176137E+00
   2.2084100E-01   1.5818329E-01  -3.9166650E-01  -6.6037098E+00
   2.2816600E-01  -3.9430285E+00  -6.0572105E+00   1.1861508E+00
   2.2909600E-01  -2.0010554E+00  -6.0572105E+00   1.1861508E+00
   2.2325000E-01  -2.9720420E+00  -6.6970963E+00  -6.2798618E-01
   2.2410100E-01  -3.9430285E+00  -6.0572105E+00  -2.4421231E+00
   2.2866600E-01  -2.0010554E+00  -6.0572105E+00  -2.4421231E+00
   2.2964700E-01  -3.8791105E+00  -4.6399104E+00  -3.7701640E+00
   2.3213100E-01  -2.0649735E+00  -4.6399104E+00  -3.7701640E+00
   2.3955700E-01  -2.9720420E+00  -3.0688224E+00  -4.2562601E+00
   2.2056400E-01  -2.3763191E+00  -1.3288270E+00   5.7871025E+00
   2.2090200E-01  -5.6218214E-01  -1.3288270E+00   5.3010064E+00
   2.2146600E-01  -1.4692506E+00   2.4226098E-01   5.3010064E+00
   2.3210700E-01  -3.2833876E+00   2.4226098E-01   5.3010064E+00
   2.2628200E-01  -3.2833876E+00  -2.8999149E+00   5.3010064E+00
   2.1959400E-01  -1.4692506E+00  -2.8999149E+00   5.3010064E+00
   2.3106600E-01   1.6575543E-01   5.1809862E-01   3.9729656E+00
   2.3275600E-01  -1.4053325E+00   1.6595611E+00   3.9729656E+00
   2.2814900E-01  -3.3473057E+00  -4.3172151E+00   3.9729656E+00
   2.2592100E-01  -1.4053325E+00  -4.3172151E+00   3.9729656E+00
   2.4202400E-01  -2.0579759E+00   2.6528200E+00   3.1386270E+00
   2.3294600E-01  -2.9650443E+00   4.2239099E+00   3.1386270E+00
   2.3064600E-01  -1.3300383E+00   4.4997456E+00   1.8105862E+00
   2.2338100E-01  -2.9011262E+00   5.6412081E+00   1.8105862E+00
   2.3460000E-01  -4.8430994E+00   5.6412081E+00   1.8105862E+00
   2.2267200E-01  -2.0579759E+00   5.7949978E+00  -3.5507951E-03
   2.2244100E-01  -3.8721128E+00   6.2810939E+00  -3.5507951E-03
   2.3465700E-01  -1.3300383E+00   4.4997456E+00  -1.8176877E+00
   2.2300200E-01  -2.9011262E+00   5.6412081E+00  -1.8176877E+00
   2.2949500E-01  -4.8430994E+00   5.6412081E+00  -1.8176877E+00
   2.3347700E-01  -1.9290663E+00   2.7585275E+00  -4.6091267E+00
   2.2393500E-01  -3.5001543E+00   3.8999900E+00  -4.6091267E+00
   2.2853500E-01  -5.4421274E+00   3.8999900E+00  -4.6091267E+00
   2.4391800E-01  -3.5001543E+00  -2.0767862E+00  -4.6091267E+00
   2.2882800E-01  -2.6570039E+00   9.1160193E-01  -5.9371676E+00
   2.2094900E-01  -3.5640723E+00   2.4826918E+00  -5.9371676E+00
   2.2322800E-01  -5.3782093E+00   2.4826918E+00  -5.9371676E+00
   2.3202000E-01  -6.2852778E+00   9.1160193E-01  -5.9371676E+00
   2.3189300E-01  -5.3782093E+00  -6.5948602E-01  -5.9371676E+00
   2.3011900E-01  -3.5640723E+00  -6.5948602E-01  -5.9371676E+00
   2.2215100E-01  -4.4711408E+00   9.1160193E-01  -6.4232637E+00
   2.5545500E-01   3.9345645E+00  -5.7233999E+00   3.2344267E+00
   2.3968300E-01   4.8416329E+00  -7.2944878E+00   3.2344267E+00
   2.3750000E-01   6.6557699E+00  -7.2944878E+00   3.2344267E+00
   2.4649800E-01   3.2066269E+00  -7.5703255E+00   1.9063858E+00
   2.3389100E-01   4.7777148E+00  -8.7117880E+00   1.9063858E+00
   2.3026000E-01   6.7196880E+00  -8.7117880E+00   1.9063858E+00
   2.3914800E-01   3.9345645E+00  -8.8655777E+00   9.2248864E-02
   2.3155100E-01   5.7487014E+00  -9.3516738E+00   9.2248864E-02
   2.3337100E-01   7.5628384E+00  -8.8655777E+00   9.2248864E-02
   2.5612600E-01   3.2066269E+00  -7.5703255E+00  -1.7218881E+00
   2.4053000E-01   4.7777148E+00  -8.7117880E+00  -1.7218881E+00
   2.3871100E-01   6.7196880E+00  -8.7117880E+00  -1.7218881E+00
   2.5417700E-01   4.8416329E+00  -7.2944878E+00  -3.0499289E+00
   2.2595300E-01   1.1331806E+01  -4.2410289E+00   5.9613485E-01
   2.2970200E-01   1.0731703E+01  -6.0879545E+00   5.9613485E-01
   2.2097200E-01   1.1817902E+01  -4.2410289E+00  -1.2180021E+00
   2.2697000E-01   1.1331806E+01  -2.4268919E+00  -1.2180021E+00
   2.3062000E-01   1.0003765E+01  -7.3832067E+00  -1.2180021E+00
   2.2183700E-01   1.1331806E+01  -6.0551658E+00  -1.2180021E+00
   2.2378700E-01   1.1331806E+01  -4.2410289E+00  -3.0321390E+00
   2.3339600E-01   1.0731703E+01  -2.3941033E+00  -3.0321390E+00
   2.5797700E-01   9.1606149E+00  -1.2526408E+00  -3.0321390E+00
   2.3350800E-01   9.1606149E+00  -7.2294170E+00  -3.0321390E+00
   2.2387000E-01   1.0731703E+01  -6.0879545E+00  -3.0321390E+00
   2.3221600E-01   1.0003765E+01  -4.2410289E+00  -4.3601799E+00
   2.4771100E-01   9.0966968E+00  -2.6699409E+00  -4.3601799E+00
   2.5109600E-01   7.2825599E+00  -5.8121168E+00  -4.3601799E+00
   2.3412700E-01   9.0966968E+00  -5.8121168E+00  -4.3601799E+00
   2.4789800E-01   8.1896283E+00  -4.2410289E+00  -4.8462760E+00
   1.9605200E-01  -9.3223887E+00   2.1293243E-01   7.1069080E+00
   1.9222400E-01  -1.0229457E+01   1.7840223E+00   6.6208118E+00
   1.8750200E-01  -1.1136526E+01   2.1293243E-01   6.6208118E+00
   1.9240600E-01  -1.0229457E+01  -1.3581555E+00   6.6208118E+00
   2.0041800E-01  -1.0293375E+01   3.2013205E+00   5.2927710E+00
   1.9200200E-01  -1.1864463E+01   2.0598580E+00   5.2927710E+00
   1.8973600E-01  -1.2464566E+01   2.1293243E-01   5.2927710E+00
   1.9226400E-01  -1.1864463E+01  -1.6339931E+00   5.2927710E+00
   2.0048100E-01  -1.0293375E+01  -2.7754557E+00   5.2927710E+00
   2.1252300E-01  -1.1136526E+01   3.3551102E+00   3.4786341E+00
   2.0558100E-01  -1.2464566E+01   2.0270694E+00   3.4786341E+00
   2.0259000E-01  -1.2950663E+01   2.1293243E-01   3.4786341E+00
   2.0501900E-01  -1.2464566E+01  -1.6012045E+00   3.4786341E+00
   2.1246100E-01  -1.1136526E+01  -2.9292454E+00   3.4786341E+00
   2.0157400E-01  -6.3192399E+00  -1.2830370E+00   7.3501818E+00
   2.0923700E-01  -4.5051030E+00  -1.2830370E+00   6.8640857E+00
   1.9883500E-01  -7.2263084E+00  -2.8541250E+00   6.8640857E+00
   2.0332000E-01  -5.4121715E+00  -2.8541250E+00   6.8640857E+00
   2.0632900E-01  -8.8613144E+00  -3.1299626E+00   5.5360449E+00
   2.0484600E-01  -7.2902265E+00  -4.2714251E+00   5.5360449E+00
   2.1137700E-01  -5.3482534E+00  -4.2714251E+00   5.5360449E+00
   2.2199400E-01  -3.7771654E+00  -3.1299626E+00   5.5360449E+00
   2.2051200E-01  -8.1333769E+00  -4.4252148E+00   3.7219079E+00
   2.2456800E-01  -6.3192399E+00  -4.9113109E+00   3.7219079E+00
   2.3294200E-01  -4.5051030E+00  -4.4252148E+00   3.7219079E+00
   1.9873100E-01  -6.5322064E+00   2.0949748E+00   7.3371919E+00
   2.0506600E-01  -4.7180694E+00   2.0949748E+00   6.8510957E+00
   1.9716600E-01  -5.6251379E+00   3.6660646E+00   6.8510957E+00
   1.9408300E-01  -7.4392749E+00   3.6660646E+00   6.8510957E+00
   2.2073500E-01  -3.3900286E+00   2.0949748E+00   5.5230549E+00
   2.1069200E-01  -3.9901319E+00   3.9419004E+00   5.5230549E+00
   2.0258800E-01  -5.5612198E+00   5.0833629E+00   5.5230549E+00
   1.9854400E-01  -7.5031929E+00   5.0833629E+00   5.5230549E+00
   2.0096100E-01  -9.0742809E+00   3.9419004E+00   5.5230549E+00
   2.4593000E-01  -2.9039325E+00   2.0949748E+00   3.7089180E+00
   2.3337400E-01  -3.3900286E+00   3.9091117E+00   3.7089180E+00
   2.2215800E-01  -4.7180694E+00   5.2371526E+00   3.7089180E+00
   2.1606000E-01  -6.5322064E+00   5.7232487E+00   3.7089180E+00
   2.1483100E-01  -8.3463433E+00   5.2371526E+00   3.7089180E+00
   2.0739600E-01  -1.1561442E+01   3.8283014E+00   2.8394758E+00
   2.1102400E-01  -1.2468510E+01   2.2572116E+00   2.8394758E+00
   1.9788200E-01  -1.1625360E+01   5.2455997E+00   1.5114350E+00
   1.8985900E-01  -1.3196448E+01   4.1041371E+00   1.5114350E+00
   1.9469700E-01  -1.3796551E+01   2.2572116E+00   1.5114350E+00
   2.1359400E-01  -1.3196448E+01   4.1028597E-01   1.5114350E+00
   1.8997900E-01  -1.2468510E+01   5.3993893E+00  -3.0270198E-01
   1.8450300E-01  -1.3796551E+01   4.0713485E+00  -3.0270198E-01
   1.8840600E-01  -1.4282647E+01   2.2572116E+00  -3.0270198E-01
   2.0256700E-01  -1.3796551E+01   4.4307460E-01  -3.0270198E-01
   1.8776000E-01  -1.3196448E+01   4.1041371E+00  -2.1168389E+00
   1.8946500E-01  -1.3796551E+01   2.2572116E+00  -2.1168389E+00
   2.0424800E-01  -1.3196448E+01   4.1028597E-01  -2.1168389E+00
   1.9984900E-01  -1.2468510E+01   2.2572116E+00  -3.4448798E+00
   2.2026800E-01  -7.0667872E+00   5.8713938E+00   3.0184007E+00
   2.0756500E-01  -8.8809241E+00   5.8713938E+00   3.0184007E+00
   2.2672100E-01  -5.4317811E+00   6.1472295E+00   1.6903599E+00
   2.0363800E-01  -7.0028691E+00   7.2886920E+00   1.6903599E+00
   1.9407800E-01  -8.9448422E+00   7.2886920E+00   1.6903599E+00
   1.9716800E-01  -1.0515930E+01   6.1472295E+00   1.6903599E+00
   2.0553300E-01  -6.1597187E+00   7.4424817E+00  -1.2377705E-01
   1.9293600E-01  -7.9738557E+00   7.9285778E+00  -1.2377705E-01
   1.8978100E-01  -9.7879926E+00   7.4424817E+00  -1.2377705E-01
   2.2050500E-01  -5.4317811E+00   6.1472295E+00  -1.9379140E+00
   2.0066300E-01  -7.0028691E+00   7.2886920E+00  -1.9379140E+00
   1.9372200E-01  -8.9448422E+00   7.2886920E+00  -1.9379140E+00
   2.1970800E-01  -6.0368941E+00   4.3888338E+00  -4.7633189E+00
   2.0174900E-01  -7.6079820E+00   5.5302963E+00  -4.7633189E+00
   1.9268300E-01  -9.5499552E+00   5.5302963E+00  -4.7633189E+00
   1.9056700E-01  -1.1121043E+01   4.3888338E+00  -4.7633189E+00
   1.9505400E-01  -1.1721146E+01   2.5419082E+00  -4.7633189E+00
   2.0829200E-01  -1.1121043E+01   6.9498264E-01  -4.7633189E+00
   2.1920200E-01  -6.7648316E+00   2.5419082E+00  -6.0913598E+00
   2.0197300E-01  -7.6719001E+00   4.1129981E+00  -6.0913598E+00
   1.9213700E-01  -9.4860371E+00   4.1129981E+00  -6.0913598E+00
   1.9444800E-01  -1.0393106E+01   2.5419082E+00  -6.0913598E+00
   2.0908700E-01  -9.4860371E+00   9.7082027E-01  -6.0913598E+00
   2.2395200E-01  -7.6719001E+00   9.7082027E-01  -6.0913598E+00
   2.0250800E-01  -8.5789686E+00   2.5419082E+00  -6.5774559E+00
   2.1718400E-01  -1.1972204E+01  -2.2148704E+00   2.7294295E+00
   2.0982300E-01  -1.1065136E+01  -3.7859583E+00   2.7294295E+00
   2.2595600E-01  -1.2700142E+01  -3.6794477E-01   1.4013887E+00
   2.0106200E-01  -1.3300245E+01  -2.2148704E+00   1.4013887E+00
   1.9348400E-01  -1.2700142E+01  -4.0617959E+00   1.4013887E+00
   1.9881500E-01  -1.1129054E+01  -5.2032585E+00   1.4013887E+00
   2.1327500E-01  -1.3300245E+01  -4.0073340E-01  -4.1274828E-01
   1.9416700E-01  -1.3786341E+01  -2.2148704E+00  -4.1274828E-01
   1.8794200E-01  -1.3300245E+01  -4.0290073E+00  -4.1274828E-01
   1.9103800E-01  -1.1972204E+01  -5.3570481E+00  -4.1274828E-01
   2.1241500E-01  -1.2700142E+01  -3.6794477E-01  -2.2268852E+00
   1.9407700E-01  -1.3300245E+01  -2.2148704E+00  -2.2268852E+00
   1.8981300E-01  -1.2700142E+01  -4.0617959E+00  -2.2268852E+00
   2.0272700E-01  -1.1972204E+01  -2.2148704E+00  -3.5549261E+00
   2.1714800E-01  -1.0514279E+01  -2.2094676E-01  -4.7920730E+00
   2.0134000E-01  -1.1114382E+01  -2.0678723E+00  -4.7920730E+00
   1.9617500E-01  -1.0514279E+01  -3.9147979E+00  -4.7920730E+00
   1.9865200E-01  -8.9431906E+00  -5.0562605E+00  -4.7920730E+00
   2.0835100E-01  -7.0012175E+00  -5.0562605E+00  -4.7920730E+00
   2.2485900E-01  -5.4301295E+00  -3.9147979E+00  -4.7920730E+00
   2.2114900E-01  -6.1580671E+00  -2.0678723E+00  -6.1201138E+00
   2.2615500E-01  -7.0651356E+00  -4.9678251E-01  -6.1201138E+00
   2.1430900E-01  -8.8792725E+00  -4.9678251E-01  -6.1201138E+00
   1.9953900E-01  -9.7863410E+00  -2.0678723E+00  -6.1201138E+00
   1.9705900E-01  -8.8792725E+00  -3.6389603E+00  -6.1201138E+00
   2.0656700E-01  -7.0651356E+00  -3.6389603E+00  -6.1201138E+00
   2.0633100E-01  -7.9722040E+00  -2.0678723E+00  -6.6062099E+00
   2.1633500E-01  -8.0473112E+00  -5.2417219E+00   3.0274525E+00
   2.2734900E-01  -6.2331742E+00  -5.2417219E+00   3.0274525E+00
   2.0773300E-01  -9.6823172E+00  -5.5175596E+00   1.6994117E+00
   2.0351400E-01  -8.1112293E+00  -6.6590221E+00   1.6994117E+00
   2.1378500E-01  -6.1692562E+00  -6.6590221E+00   1.6994117E+00
   2.3512700E-01  -4.5981682E+00  -5.5175596E+00   1.6994117E+00
   2.0013200E-01  -8.9543797E+00  -6.8128118E+00  -1.1472526E-01
   2.0386500E-01  -7.1402427E+00  -7.2989079E+00  -1.1472526E-01
   2.1886000E-01  -5.3261058E+00  -6.8128118E+00  -1.1472526E-01
   2.0484300E-01  -8.1112293E+00  -6.6590221E+00  -1.9288622E+00
   2.1327200E-01  -6.1692562E+00  -6.6590221E+00  -1.9288622E+00
   2.2813300E-01   1.9115410E+00   4.5848721E+00  -2.0071366E+00
   1.9722000E-01   9.4411674E+00   2.6663977E+00  -3.8256671E+00
   2.2194700E-01   8.8782710E+00   7.4935383E-01  -3.8256671E+00
   2.3111400E-01   2.0646579E+00   4.4927744E+00  -2.7833169E+00
   2.0808400E-01   6.1778223E+00   5.6670256E+00  -4.5974539E+00
   2.1397000E-01   4.2358491E+00   5.6670256E+00  -4.5974539E+00
   2.2597900E-01   2.6647612E+00   4.5255630E+00  -4.5974539E+00
   2.4411400E-01   2.0646579E+00   2.6786375E+00  -4.5974539E+00
   2.1485300E-01   7.0209727E+00   2.6786375E+00  -5.9254947E+00
   2.1010600E-01   6.1139042E+00   4.2497254E+00  -5.9254947E+00
   2.1749200E-01   4.2997672E+00   4.2497254E+00  -5.9254947E+00
   2.3253100E-01   3.3926988E+00   2.6786375E+00  -5.9254947E+00
   2.4444200E-01   4.2997672E+00   1.1075495E+00  -5.9254947E+00
   2.3502500E-01   6.1139042E+00   1.1075495E+00  -5.9254947E+00
   2.2231600E-01   5.2068357E+00   2.6786375E+00  -6.4115908E+00
   1.5881900E-01   8.4510965E+00   8.2560957E+00   2.8091930E+00
   1.6388200E-01   6.4734567E+00   8.5404390E+00   2.8091930E+00
   1.9905800E-01   3.5758472E+00   4.0316680E+00   2.8091930E+00
   1.5718900E-01   9.7349291E+00   8.4876268E+00   9.9066050E-01
   1.5966900E-01   7.9619938E+00   9.3414296E+00   9.9066050E-01
   1.6615000E-01   1.0961839E+01   3.1121822E+00   9.9066050E-01
   1.6220100E-01   7.9619938E+00   9.3414296E+00  -1.0277558E+00
   1.9404500E-01   5.9941825E+00   6.7348304E+00  -4.1047494E+00
   1.6884000E-01   4.6706165E+00   8.1125067E+00   2.9917499E+00
   1.8141500E-01   3.7635480E+00   6.5414188E+00   2.9917499E+00
   1.6039700E-01   6.5486716E+00   9.5298069E+00   1.6637091E+00
   1.6434700E-01   4.6066984E+00   9.5298069E+00   1.6637091E+00
   1.7671600E-01   3.0356105E+00   8.3883444E+00   1.6637091E+00
   1.9363000E-01   2.4355072E+00   6.5414188E+00   1.6637091E+00
   1.6084600E-01   7.3918219E+00   9.6835966E+00  -1.5042786E-01
   1.6101400E-01   5.5776850E+00   1.0169693E+01  -1.5042786E-01
   1.6927300E-01   3.7635480E+00   9.6835966E+00  -1.5042786E-01
   1.8399800E-01   2.4355072E+00   8.3555557E+00  -1.5042786E-01
   2.0316300E-01   1.9494111E+00   6.5414188E+00  -1.5042786E-01
   1.6412100E-01   6.5486716E+00   9.5298069E+00  -1.9645648E+00
   1.6946000E-01   4.6066984E+00   9.5298069E+00  -1.9645648E+00
   1.8413700E-01   3.0356105E+00   8.3883444E+00  -1.9645648E+00
   2.0626300E-01   2.4355072E+00   6.5414188E+00  -1.9645648E+00
   1.8239300E-01   4.6706165E+00   8.1125067E+00  -3.2926057E+00
   2.0690400E-01   3.7635480E+00   6.5414188E+00  -3.2926057E+00
   1.5608600E-01   1.1798744E+01   5.5506751E+00   7.0753609E-01
   1.5347100E-01   1.1198641E+01   7.3976007E+00   7.0753609E-01
   1.5655400E-01   1.2284840E+01   5.5506751E+00  -1.1066009E+00
   1.5190600E-01   1.1798744E+01   7.3648121E+00  -1.1066009E+00
   1.5284000E-01   1.0470703E+01   8.6928529E+00  -1.1066009E+00
   1.6034100E-01   8.6565664E+00   9.1789490E+00  -1.1066009E+00
   1.6797300E-01   1.1798744E+01   3.7365382E+00  -1.1066009E+00
   1.6099400E-01   1.1798744E+01   5.5506751E+00  -2.9207378E+00
   1.5539100E-01   1.1198641E+01   7.3976007E+00  -2.9207378E+00
   1.5720200E-01   9.6275530E+00   8.5390633E+00  -2.9207378E+00
   1.6771200E-01   7.6855798E+00   8.5390633E+00  -2.9207378E+00
   1.7542200E-01   1.1198641E+01   3.7037496E+00  -2.9207378E+00
   1.6910000E-01   1.0470703E+01   5.5506751E+00  -4.2487787E+00
   1.6495100E-01   9.5636349E+00   7.1217631E+00  -4.2487787E+00
   1.7702500E-01   7.7494979E+00   7.1217631E+00  -4.2487787E+00
   1.8791300E-01   9.5636349E+00   3.9795872E+00  -4.2487787E+00
   1.8326800E-01   8.6565664E+00   5.5506751E+00  -4.7348748E+00
   1.5416000E-01   7.5032496E+00   4.7360124E+00   5.5782349E+00
   1.4940100E-01   9.3173866E+00   4.7360124E+00   5.0921388E+00
   1.5278500E-01   8.4103181E+00   6.3071003E+00   5.0921388E+00
   1.5959000E-01   6.5961812E+00   6.3071003E+00   5.0921388E+00
   1.6543100E-01   5.6891127E+00   4.7360124E+00   5.0921388E+00
   1.4410300E-01   8.4103181E+00   3.1649244E+00   5.0921388E+00
   1.5042800E-01   1.0645427E+01   4.7360124E+00   3.7640980E+00
   1.5182200E-01   1.0045324E+01   6.5829380E+00   3.7640980E+00
   1.5586600E-01   8.4742362E+00   7.7244005E+00   3.7640980E+00
   1.6315000E-01   6.5322631E+00   7.7244005E+00   3.7640980E+00
   1.7311400E-01   4.9611751E+00   6.5829380E+00   3.7640980E+00
   1.8316800E-01   4.3610718E+00   4.7360124E+00   3.7640980E+00
   1.4471500E-01   1.0045324E+01   2.8890868E+00   3.7640980E+00
   1.5806600E-01   1.1131524E+01   4.7360124E+00   1.9499610E+00
   1.5893600E-01   1.0645427E+01   2.9218754E+00   1.9499610E+00
   2.2432800E-01   5.6469378E+00  -5.6952203E+00   4.6179026E+00
   2.1532700E-01   8.1219648E+00  -7.2860710E+00   3.5118706E+00
   2.0776400E-01   1.1337088E+01  -4.0042613E+00   1.8565783E+00
   2.1273300E-01   9.5622648E+00  -7.6897165E+00   1.8565783E+00
   2.0990200E-01   1.0870267E+01  -6.0495345E+00   1.8565783E+00
   2.2231200E-01   8.5757636E+00  -8.7181356E+00  -9.5971624E-02
   2.1793100E-01   1.0231056E+01  -7.6121035E+00  -9.5971624E-02
   2.4647800E-01   4.2605781E+00  -6.7308865E+00  -3.7038138E+00
   2.3543900E-01   6.1097638E+00  -7.5753824E+00  -3.7038138E+00
   2.4229000E-01   5.6469378E+00  -5.6952203E+00  -4.8098459E+00
   1.8976900E-01   3.7261882E+00   3.1885819E+00   3.8312191E+00
   2.0911300E-01   2.6271216E+00   1.4784045E+00   3.8312191E+00
   2.0104300E-01   1.0802696E+01   4.6195675E-01  -1.7291730E+00
   1.4202400E-01   7.0975992E+00   1.2451405E-01   7.0590015E+00
   1.3527900E-01   9.1638010E+00   1.2451405E-01   6.5874053E+00
   1.3488200E-01   8.1306991E+00   1.9138975E+00   6.5874053E+00
   1.4585200E-01   6.0644973E+00   1.9138975E+00   6.5874053E+00
   1.5871800E-01   5.0313973E+00   1.2451405E-01   6.5874053E+00
   1.6293200E-01   6.0644973E+00  -1.6648694E+00   6.5874053E+00
   1.5132900E-01   8.1306991E+00  -1.6648694E+00   6.5874053E+00
   1.3673600E-01   1.0820766E+01   1.2451405E-01   5.2660182E+00
   1.3373100E-01   1.0229727E+01   2.1374105E+00   5.2660182E+00
   1.6598800E-01   4.6594426E+00   2.9382953E+00   5.2660182E+00
   1.8094800E-01   3.5252460E+00   1.1734518E+00   5.2660182E+00
   1.5471600E-01   1.0229727E+01  -1.8883824E+00   5.2660182E+00
   1.4666600E-01   1.1740312E+01   1.2451405E-01   3.3565615E+00
   1.4217000E-01   1.1280540E+01   2.1389128E+00   3.3565615E+00
   1.6827600E-01   1.1280540E+01  -1.8898847E+00   3.3565615E+00
   1.6700700E-01   1.1740312E+01   1.2451405E-01   1.2372225E+00
   1.6091000E-01   1.1280540E+01   2.1389128E+00   1.2372225E+00
   1.9736200E-01   1.1280540E+01  -1.8898847E+00   1.2372225E+00
   2.3098700E-01  -8.4558057E-01   4.0950513E+00  -2.8555933E+00
   2.2755900E-01  -1.4029364E+00  -5.7945575E+00   2.0462029E+00
   1.9521800E-01  -1.1060302E+01   5.2555812E+00   2.7168250E+00
   1.8558600E-01  -1.1636721E+01   6.2144112E+00   1.0615328E+00
   1.8078500E-01  -1.2305510E+01   6.1367982E+00  -8.9101714E-01
   1.8452300E-01  -9.7466038E+00   7.1246430E+00  -2.8435671E+00
   1.7992500E-01  -1.1636721E+01   6.2144112E+00  -2.8435671E+00
   1.8146800E-01  -1.2944721E+01   4.5742292E+00  -2.8435671E+00
   1.8874700E-01  -1.0118300E+01  -6.7939731E+00  -9.2486780E-01
   1.8554400E-01  -1.1104803E+01  -5.7655540E+00  -2.8774177E+00
   1.9022500E-01  -9.2146856E+00  -6.6757859E+00  -2.8774177E+00
   2.0229100E-01  -7.1168139E+00  -6.6757859E+00  -2.8774177E+00
   2.0034900E-01  -1.1627450E+01  -1.0636512E+00  -4.5327100E+00
   1.9065900E-01  -1.1627450E+01  -3.0965447E+00  -4.5327100E+00
   1.8718800E-01  -7.3296783E+00   3.4390367E-01   8.0693000E+00
   1.9573800E-01  -5.3771284E+00   3.4390367E-01   7.6809141E+00
   1.8597600E-01  -8.3059542E+00   2.0348626E+00   7.6809141E+00
   1.8483100E-01  -9.2822282E+00   3.4390367E-01   7.6809141E+00
   1.8746200E-01  -8.3059542E+00  -1.3470534E+00   7.6809141E+00
   2.1058600E-01  -3.7218361E+00   3.4390367E-01   6.5748821E+00
   1.8798500E-01  -9.6923120E+00   3.0705288E+00   6.5748821E+00
   1.9603000E-01  -1.0268731E+01   4.0293588E+00   4.9195898E+00
   1.8549000E-01   7.2431118E+00  -3.3219890E+00   5.7469685E+00
   1.7961700E-01   9.2840159E+00  -3.3219890E+00   5.2001102E+00
   2.0742000E-01   5.2022078E+00  -3.3219890E+00   5.2001102E+00
   2.1100600E-01   6.2226598E+00  -5.0894629E+00   5.2001102E+00
   1.9766700E-01   8.2635639E+00  -5.0894629E+00   5.2001102E+00
   1.8632800E-01   1.0778062E+01  -3.3219890E+00   3.7060645E+00
   2.0072100E-01   1.0216900E+01  -5.2331275E+00   3.7060645E+00
   2.3278800E-01   8.5123558E+00  -1.8883370E+00  -5.1393234E+00
   2.2875800E-01   7.9511941E+00   2.2801434E-02  -5.1393234E+00
   2.3607500E-01   2.6625068E+00  -4.5598729E+00  -5.1393234E+00
   2.3621800E-01   4.4743307E+00  -5.3873064E+00  -5.1393234E+00
   2.4128000E-01   6.4458761E+00  -5.1038400E+00  -5.1393234E+00
   2.1749700E-01   7.0183100E+00  -1.8883370E+00  -6.6333691E+00
   2.2285600E-01   5.9978580E+00  -1.2086309E-01  -6.6333691E+00
   2.2895100E-01   3.9569539E+00  -1.2086309E-01  -6.6333691E+00
   2.2603500E-01   2.9365019E+00  -1.8883370E+00  -6.6333691E+00
   2.2050700E-01   3.9569539E+00  -3.6558110E+00  -6.6333691E+00
   2.1900300E-01   5.9978580E+00  -3.6558110E+00  -6.6333691E+00
   2.1630400E-01   4.9774060E+00  -1.8883370E+00  -7.1802274E+00
   2.2064200E-01  -6.9077422E-01  -7.0014234E+00   1.2851705E+00
   2.2189600E-01   1.1210497E+00  -7.8288570E+00   1.2851705E+00
   2.2267200E-01  -1.4311519E+00  -7.0366272E+00  -7.5573355E-01
   2.1533500E-01   1.7669505E-01  -8.1464443E+00  -7.5573355E-01
   2.2868400E-01   2.1161322E+00  -8.3819344E+00  -7.5573355E-01
   2.1842200E-01  -6.9077422E-01  -7.0014234E+00  -2.7966376E+00
   2.1790500E-01   1.1210497E+00  -7.8288570E+00  -2.7966376E+00
   2.3902000E-01   3.0925952E+00  -7.5453905E+00  -2.7966376E+00
   2.3347700E-01  -4.1677907E-01  -4.3298876E+00  -4.2906833E+00
   2.2153200E-01   6.0367297E-01  -6.0973615E+00  -4.2906833E+00
   2.3381600E-01   2.6445770E+00  -6.0973615E+00  -4.2906833E+00
   2.3656600E-01   1.6241250E+00  -4.3298876E+00  -4.8375417E+00
   1.9924800E-01   2.2571964E+00  -2.5418081E+00   6.0849007E+00
   1.9820900E-01   4.2981005E+00  -2.5418081E+00   5.5380423E+00
   1.9288600E-01   3.2776485E+00  -7.7433412E-01   5.5380423E+00
   2.0755000E-01   1.2367444E+00  -7.7433412E-01   5.5380423E+00
   2.1323500E-01   2.1629237E-01  -2.5418081E+00   5.5380423E+00
   2.0632200E-01   1.2367444E+00  -4.3092820E+00   5.5380423E+00
   2.0684400E-01   3.2776485E+00  -4.3092820E+00   5.5380423E+00
   2.1700000E-01   1.7541211E+00   9.5716133E-01   4.0439966E+00
   2.1815200E-01  -5.7702783E-02  -5.2133439E+00   4.0439966E+00
   2.1767400E-01   1.7541211E+00  -6.0407775E+00   4.0439966E+00
   2.3224900E-01   3.7256666E+00  -5.7573110E+00   4.0439966E+00
   2.2267900E-01   7.3320990E-01   1.3768203E+00   3.8762929E+00
   2.0977300E-01   1.7536619E+00   3.1442943E+00   3.3294345E+00
   2.2173600E-01  -2.8724213E-01   3.1442943E+00   3.3294345E+00
   2.1528500E-01   2.3013461E-01   4.8757897E+00   1.8353888E+00
   2.1518900E-01   1.2252171E+00   5.4288672E+00  -2.0551526E-01
   2.2266100E-01   2.3013461E-01   4.8757897E+00  -2.2464193E+00
   2.3259600E-01   1.6266535E+00   2.8238364E+00  -5.0163400E+00
   2.2243600E-01  -3.4489200E-01   3.1073029E+00  -5.0163400E+00
   2.2957900E-01  -2.1567159E+00  -3.0632024E+00  -5.0163400E+00
   2.2774900E-01  -3.4489200E-01  -3.8906359E+00  -5.0163400E+00
   2.3965400E-01   1.6266535E+00  -3.6071694E+00  -5.0163400E+00
   2.2724200E-01   2.1990874E+00  -3.9166650E-01  -6.5103857E+00
   2.1884000E-01   1.1786353E+00   1.3758093E+00  -6.5103857E+00
   2.1554200E-01  -8.6226874E-01   1.3758093E+00  -6.5103857E+00
   2.1922200E-01  -1.8827208E+00  -3.9166650E-01  -6.5103857E+00
   2.1588900E-01  -8.6226874E-01  -2.1591404E+00  -6.5103857E+00
   2.2125000E-01   1.1786353E+00  -2.1591404E+00  -6.5103857E+00
   2.1278700E-01   1.5818329E-01  -3.9166650E-01  -7.0572441E+00
   2.1820000E-01  -3.4751173E+00  -6.5677918E+00   1.4129179E+00
   2.2581100E-01  -1.5035718E+00  -6.2843253E+00   1.4129179E+00
   2.1751900E-01  -4.4194719E+00  -6.8853792E+00  -6.2798618E-01
   2.1715400E-01  -2.4800348E+00  -7.1208692E+00  -6.2798618E-01
   2.1501000E-01  -3.4751173E+00  -6.5677918E+00  -2.6688902E+00
   2.2529500E-01  -1.5035718E+00  -6.2843253E+00  -2.6688902E+00
   2.2209300E-01  -3.9924940E+00  -4.8362964E+00  -4.1629360E+00
   2.2542500E-01  -1.9515899E+00  -4.8362964E+00  -4.1629360E+00
   2.3318300E-01  -2.9720420E+00  -3.0688224E+00  -4.7097943E+00
   2.1191800E-01  -2.3763191E+00  -1.3288270E+00   6.2406368E+00
   2.1285100E-01  -3.3541502E-01  -1.3288270E+00   5.6937784E+00
   2.1326900E-01  -1.3558671E+00   4.3864887E-01   5.6937784E+00
   2.1148300E-01  -1.3558671E+00  -3.0963009E+00   5.6937784E+00
   2.2457400E-01   5.9746900E-01   5.8231150E-01   4.1997327E+00
   2.2437100E-01  -9.0784893E-01   1.8866760E+00   4.1997327E+00
   2.1801500E-01  -2.8793944E+00  -4.8277964E+00   4.1997327E+00
   2.2101600E-01  -9.0784893E-01  -4.5443299E+00   4.1997327E+00
   2.3433800E-01  -1.8312087E+00   2.6528200E+00   3.5313990E+00
   2.2388500E-01  -2.8516608E+00   4.4202959E+00   3.5313990E+00
   2.2418600E-01  -8.9832471E-01   4.5639585E+00   2.0373533E+00
   2.1428600E-01  -2.4036408E+00   5.8683230E+00   2.0373533E+00
   2.1931000E-01  -4.3751881E+00   6.1517894E+00   2.0373533E+00
   2.1581300E-01  -1.5533812E+00   6.0120820E+00  -3.5507951E-03
   2.1163200E-01  -3.3801056E+00   6.7048669E+00  -3.5507951E-03
   2.1582500E-01  -2.4036408E+00   5.8683230E+00  -2.0444549E+00
   2.1672500E-01  -4.3751881E+00   6.1517894E+00  -2.0444549E+00
   2.1677200E-01  -3.0026707E+00   4.1271049E+00  -4.8358938E+00
   2.1660100E-01  -4.9742161E+00   4.4105713E+00  -4.8358938E+00
   2.2096500E-01  -2.4302368E+00   9.1160193E-01  -6.3299396E+00
   2.1206600E-01  -3.4506888E+00   2.6790778E+00  -6.3299396E+00
   2.1352800E-01  -5.4915929E+00   2.6790778E+00  -6.3299396E+00
   2.2211900E-01  -6.5120449E+00   9.1160193E-01  -6.3299396E+00
   2.2249400E-01  -5.4915929E+00  -8.5587202E-01  -6.3299396E+00
   2.2169500E-01  -3.4506888E+00  -8.5587202E-01  -6.3299396E+00
   2.1266200E-01  -4.4711408E+00   9.1160193E-01  -6.8767979E+00
   2.2542700E-01   4.7282494E+00  -7.4908738E+00   3.6271986E+00
   2.2246200E-01   6.7691534E+00  -7.4908738E+00   3.6271986E+00
   2.2714500E-01   3.4338022E+00  -8.3949357E+00   2.1331529E+00
   2.1709800E-01   5.2456261E+00  -9.2223693E+00   2.1331529E+00
   2.1567300E-01   7.2171716E+00  -8.9389028E+00   2.1331529E+00
   2.3488800E-01   2.6934246E+00  -8.4301394E+00   9.2248864E-02
   2.2124700E-01   4.3012715E+00  -9.5399566E+00   9.2248864E-02
   2.1592600E-01   6.2407086E+00  -9.7754467E+00   9.2248864E-02
   2.1941800E-01   8.0674330E+00  -9.0826618E+00   9.2248864E-02
   2.3502000E-01   3.4338022E+00  -8.3949357E+00  -1.9486552E+00
   2.2389200E-01   5.2456261E+00  -9.2223693E+00  -1.9486552E+00
   2.2496800E-01   7.2171716E+00  -8.9389028E+00  -1.9486552E+00
   2.4037300E-01   4.7282494E+00  -7.4908738E+00  -3.4427009E+00
   2.1053400E-01   1.1724578E+01  -4.2410289E+00   8.2290197E-01
   2.1373900E-01   1.1163416E+01  -6.1521674E+00   8.2290197E-01
   2.0573300E-01   1.2271436E+01  -4.2410289E+00  -1.2180021E+00
   2.1115700E-01   1.1803890E+01  -2.3441182E+00  -1.2180021E+00
   2.1342000E-01   1.0508360E+01  -7.6002908E+00  -1.2180021E+00
   2.0627000E-01   1.1803890E+01  -6.1379396E+00  -1.2180021E+00
   2.0855700E-01   1.1724578E+01  -4.2410289E+00  -3.2589062E+00
   2.1725500E-01   1.1163416E+01  -2.3298904E+00  -3.2589062E+00
   2.3823700E-01   9.6580985E+00  -1.0255259E+00  -3.2589062E+00
   2.1586000E-01   9.6580985E+00  -7.4565318E+00  -3.2589062E+00
   2.0821800E-01   1.1163416E+01  -6.1521674E+00  -3.2589062E+00
   2.1732700E-01   1.0230532E+01  -4.2410289E+00  -4.7529519E+00
   2.3382800E-01   9.2100804E+00  -2.4735549E+00  -4.7529519E+00
   2.1933200E-01   9.2100804E+00  -6.0085028E+00  -4.7529519E+00
   2.3397000E-01   8.1896283E+00  -4.2410289E+00  -5.2998102E+00
   1.8304000E-01  -1.0342841E+01   1.9804083E+00   7.0135838E+00
   1.7796300E-01  -1.1363293E+01   2.1293243E-01   7.0135838E+00
   1.8329900E-01  -1.0342841E+01  -1.5545415E+00   7.0135838E+00
   1.8483600E-01  -1.1637288E+01   2.8844702E+00   5.5195381E+00
   1.8028700E-01  -1.2714148E+01   1.2088426E+00   5.5195381E+00
   1.8039000E-01  -1.2714148E+01  -7.8297773E-01   5.5195381E+00
   1.8515500E-01  -1.1637288E+01  -2.4586034E+00   5.5195381E+00
   1.9843800E-01  -1.2377666E+01   2.9196720E+00   3.4786341E+00
   1.9342700E-01  -1.3285586E+01   1.1897734E+00   3.4786341E+00
   1.9300700E-01  -1.3285586E+01  -7.6390850E-01   3.4786341E+00
   1.9799400E-01  -1.2377666E+01  -2.4938071E+00   3.4786341E+00
   2.0751700E-01  -1.0769819E+01  -3.6036243E+00   3.4786341E+00
   1.9229700E-01  -6.3192399E+00  -1.2830370E+00   7.8037161E+00
   2.0073700E-01  -4.2783359E+00  -1.2830370E+00   7.2568577E+00
   1.8956700E-01  -7.3396920E+00  -3.0505110E+00   7.2568577E+00
   1.9431200E-01  -5.2987879E+00  -3.0505110E+00   7.2568577E+00
   1.9552200E-01  -8.6341391E+00  -3.9545729E+00   5.7628120E+00
   1.9697800E-01  -6.8223152E+00  -4.7820064E+00   5.7628120E+00
   2.0449800E-01  -4.8507698E+00  -4.4985400E+00   5.7628120E+00
   2.1542700E-01  -3.3454518E+00  -3.1941755E+00   5.7628120E+00
   2.1268400E-01  -7.7666699E+00  -5.0995938E+00   3.7219079E+00
   2.1790500E-01  -5.8272328E+00  -5.3350839E+00   3.7219079E+00
   1.8954600E-01  -6.5322064E+00   2.0949748E+00   7.7907261E+00
   1.9670900E-01  -4.4913023E+00   2.0949748E+00   7.2438677E+00
   1.8798400E-01  -5.5117543E+00   3.8624506E+00   7.2438677E+00
   1.8471600E-01  -7.5526584E+00   3.8624506E+00   7.2438677E+00
   2.1394700E-01  -2.9972566E+00   2.0949748E+00   5.7498220E+00
   2.0329400E-01  -3.5584183E+00   4.0061133E+00   5.7498220E+00
   1.9458300E-01  -5.0637343E+00   5.3104777E+00   5.7498220E+00
   1.8966200E-01  -7.0352817E+00   5.5939442E+00   5.7498220E+00
   1.8987300E-01  -8.8471056E+00   4.7665126E+00   5.7498220E+00
   2.1522100E-01  -4.2134748E+00   5.4542368E+00   3.7089180E+00
   2.0779700E-01  -6.0401992E+00   6.1470216E+00   3.7089180E+00
   2.0579300E-01  -7.9796363E+00   5.9115315E+00   3.7089180E+00
   1.9879500E-01  -1.1674825E+01   4.0246874E+00   3.2322478E+00
   1.8184700E-01  -1.2969273E+01   4.9287493E+00   1.7382021E+00
   1.8118800E-01  -1.4046133E+01   3.2531217E+00   1.7382021E+00
   1.9119500E-01  -1.4046133E+01   1.2613014E+00   1.7382021E+00
   1.7584000E-01  -1.3709650E+01   4.9639511E+00  -3.0270198E-01
   1.7566600E-01  -1.4617571E+01   3.2340525E+00  -3.0270198E-01
   1.8346100E-01  -1.4617571E+01   1.2803706E+00  -3.0270198E-01
   1.8096700E-01  -1.2969273E+01   4.9287493E+00  -2.3436060E+00
   1.7774400E-01  -1.4046133E+01   3.2531217E+00  -2.3436060E+00
   1.8501700E-01  -1.4046133E+01   1.2613014E+00  -2.3436060E+00
   1.9869200E-01  -8.9943077E+00   6.0677798E+00   3.4111727E+00
   2.2161700E-01  -5.0000676E+00   6.2114424E+00   1.9171270E+00
   1.9756200E-01  -6.5053836E+00   7.5158069E+00   1.9171270E+00
   1.8606400E-01  -8.4769309E+00   7.7992733E+00   1.9171270E+00
   1.8520000E-01  -1.0288755E+01   6.9718417E+00   1.9171270E+00
   1.9986200E-01  -5.6551241E+00   7.6595659E+00  -1.2377705E-01
   1.8573400E-01  -7.4818485E+00   8.3523508E+00  -1.2377705E-01
   1.8030600E-01  -9.4212856E+00   8.1168607E+00  -1.2377705E-01
   1.8373300E-01  -1.1029133E+01   7.0070435E+00  -1.2377705E-01
   2.1619400E-01  -5.0000676E+00   6.2114424E+00  -2.1646811E+00
   1.9497200E-01  -6.5053836E+00   7.5158069E+00  -2.1646811E+00
   1.8531100E-01  -8.4769309E+00   7.7992733E+00  -2.1646811E+00
   2.1480900E-01  -5.6051805E+00   4.4530467E+00  -4.9900860E+00
   1.9611800E-01  -7.1104965E+00   5.7574112E+00  -4.9900860E+00
   1.8537300E-01  -9.0820439E+00   6.0408776E+00  -4.9900860E+00
   1.8119200E-01  -1.0893868E+01   5.2134460E+00  -4.9900860E+00
   1.8283100E-01  -1.1970728E+01   3.5378184E+00  -4.9900860E+00
   1.9088200E-01  -1.1970728E+01   1.5459981E+00  -4.9900860E+00
   2.1097000E-01  -6.5380645E+00   2.5419082E+00  -6.4841317E+00
   1.9312700E-01  -7.5585166E+00   4.3093841E+00  -6.4841317E+00
   1.8273800E-01  -9.5994206E+00   4.3093841E+00  -6.4841317E+00
   1.8501700E-01  -1.0619873E+01   2.5419082E+00  -6.4841317E+00
   1.9998400E-01  -9.5994206E+00   7.7443428E-01  -6.4841317E+00
   2.1543500E-01  -7.5585166E+00   7.7443428E-01  -6.4841317E+00
   1.9324200E-01  -8.5789686E+00   2.5419082E+00  -7.0309901E+00
   2.0126400E-01  -1.1178519E+01  -3.9823443E+00   3.1222015E+00
   1.9963100E-01  -1.3549827E+01  -1.2189602E+00   1.6281558E+00
   1.8605000E-01  -1.3549827E+01  -3.2107805E+00   1.6281558E+00
   1.8455500E-01  -1.2472966E+01  -4.8864062E+00   1.6281558E+00
   1.9085800E-01  -1.4121265E+01  -1.2380294E+00  -4.1274828E-01
   1.8012700E-01  -1.4121265E+01  -3.1917113E+00  -4.1274828E-01
   1.7841500E-01  -1.3213344E+01  -4.9216099E+00  -4.1274828E-01
   1.8505800E-01  -1.1605497E+01  -6.0314271E+00  -4.1274828E-01
   1.9101400E-01  -1.3549827E+01  -1.2189602E+00  -2.4536523E+00
   1.8113800E-01  -1.3549827E+01  -3.2107805E+00  -2.4536523E+00
   1.8206600E-01  -1.2472966E+01  -4.8864062E+00  -2.4536523E+00
   1.9800100E-01  -1.1363964E+01  -1.0719622E+00  -5.0188401E+00
   1.8875600E-01  -1.1363964E+01  -3.0637825E+00  -5.0188401E+00
   1.8694600E-01  -1.0287103E+01  -4.7394082E+00  -5.0188401E+00
   1.9169100E-01  -8.4752793E+00  -5.5668417E+00  -5.0188401E+00
   2.0318600E-01  -6.5037339E+00  -5.2833753E+00  -5.0188401E+00
   2.2039400E-01  -4.9984159E+00  -3.9790108E+00  -5.0188401E+00
   2.1309100E-01  -5.9313000E+00  -2.0678723E+00  -6.5128858E+00
   2.1746000E-01  -6.9517520E+00  -3.0039651E-01  -6.5128858E+00
   2.0503100E-01  -8.9926561E+00  -3.0039651E-01  -6.5128858E+00
   1.9006500E-01  -1.0013108E+01  -2.0678723E+00  -6.5128858E+00
   1.8771800E-01  -8.9926561E+00  -3.8353463E+00  -6.5128858E+00
   1.9792500E-01  -6.9517520E+00  -3.8353463E+00  -6.5128858E+00
   1.9703700E-01  -7.9722040E+00  -2.0678723E+00  -7.0597442E+00
   2.0764900E-01  -8.1606948E+00  -5.4381079E+00   3.4202245E+00
   2.1905700E-01  -6.1197907E+00  -5.4381079E+00   3.4202245E+00
   1.9519600E-01  -9.4551419E+00  -6.3421699E+00   1.9261788E+00
   1.9593900E-01  -7.6433180E+00  -7.1696034E+00   1.9261788E+00
   2.0849800E-01  -5.6717726E+00  -6.8861369E+00   1.9261788E+00
   1.9076800E-01  -8.5876727E+00  -7.4871907E+00  -1.1472526E-01
   1.9753200E-01  -6.6482356E+00  -7.7226808E+00  -1.1472526E-01
   2.1465300E-01  -4.8215111E+00  -7.0298960E+00  -1.1472526E-01
   1.9666600E-01  -7.6433180E+00  -7.1696034E+00  -2.1556293E+00
   2.0863800E-01  -5.6717726E+00  -6.8861369E+00  -2.1556293E+00
   2.2518600E-01   1.6482398E+00   4.7116708E+00  -2.9504783E+00
   2.0833500E-01   1.0142346E+01   6.2112459E-01  -2.9504783E+00
   1.9205000E-01   9.5031353E+00   2.6663977E+00  -4.6057706E+00
   2.1427400E-01   8.9304028E+00   7.1585088E-01  -4.6057706E+00
   2.0098300E-01   4.7037604E+00   6.1776069E+00  -4.8242210E+00
   2.1096200E-01   2.8919365E+00   5.3501733E+00  -4.8242210E+00
   2.2725300E-01   1.8150761E+00   3.6745476E+00  -4.8242210E+00
   2.0422100E-01   7.2477398E+00   2.6786375E+00  -6.3182667E+00
   1.9875600E-01   6.2272877E+00   4.4461114E+00  -6.3182667E+00
   2.0627900E-01   4.1863837E+00   4.4461114E+00  -6.3182667E+00
   2.2216100E-01   3.1659316E+00   2.6786375E+00  -6.3182667E+00
   2.3427000E-01   4.1863837E+00   9.1116351E-01  -6.3182667E+00
   2.2486500E-01   6.2272877E+00   9.1116351E-01  -6.3182667E+00
   2.1100400E-01   5.2068357E+00   2.6786375E+00  -6.8651251E+00
   1.5621400E-01   6.4646373E+00   8.6017776E+00   3.5892945E+00
   1.7928600E-01   3.5163870E+00   6.0471024E+00   3.5892945E+00
   1.9071700E-01   3.5163870E+00   4.0142089E+00   3.5892945E+00
   1.5142100E-01   1.1691961E+01   5.0306566E+00   1.9340023E+00
   1.4864400E-01   1.1225141E+01   7.0759297E+00   1.9340023E+00
   1.4806900E-01   9.9171403E+00   8.7161117E+00   1.9340023E+00
   1.5087500E-01   8.0270231E+00   9.6263436E+00   1.9340023E+00
   2.0412200E-01   2.2642130E+00   5.0306566E+00   1.9340023E+00
   1.5542900E-01   1.1225141E+01   2.9853834E+00   1.9340023E+00
   1.5061000E-01   8.9306372E+00   9.7445308E+00  -1.8547661E-02
   1.5584000E-01   8.0270231E+00   9.6263436E+00  -1.9710976E+00
   1.6821500E-01   6.4646373E+00   8.6017776E+00  -3.6263898E+00
   1.8837700E-01   6.0018113E+00   6.7216155E+00  -4.7324219E+00
   1.6348200E-01   4.5572330E+00   8.3088927E+00   3.3845219E+00
   1.5587700E-01   5.0746097E+00   1.0040388E+01   1.8904762E+00
   1.6592600E-01   3.2627858E+00   9.2129547E+00   1.8904762E+00
   1.8240400E-01   2.1859254E+00   7.5373290E+00   1.8904762E+00
   2.0029800E-01   2.1859254E+00   5.5455086E+00   1.8904762E+00
   1.5339200E-01   6.0696922E+00   1.0593466E+01  -1.5042786E-01
   1.5955500E-01   4.1302569E+00   1.0357976E+01  -1.5042786E-01
   1.7233200E-01   2.5224081E+00   9.2481584E+00  -1.5042786E-01
   1.9123800E-01   1.6144874E+00   7.5182597E+00  -1.5042786E-01
   2.1285000E-01   1.6144874E+00   5.5645779E+00  -1.5042786E-01
   1.5805100E-01   7.0461570E+00   9.7569217E+00  -2.1913319E+00
   1.6060500E-01   5.0746097E+00   1.0040388E+01  -2.1913319E+00
   1.7215800E-01   3.2627858E+00   9.2129547E+00  -2.1913319E+00
   1.9181500E-01   2.1859254E+00   7.5373290E+00  -2.1913319E+00
   1.7699300E-01   4.5572330E+00   8.3088927E+00  -3.6853776E+00
   2.0339700E-01   3.5367809E+00   6.5414188E+00  -3.6853776E+00
   1.5009600E-01   1.2191516E+01   5.5506751E+00   9.3430321E-01
   1.4685700E-01   1.1630355E+01   7.4618136E+00   9.3430321E-01
   1.5017000E-01   1.2738375E+01   5.5506751E+00  -1.1066009E+00
   1.4517800E-01   1.2270828E+01   7.4475859E+00  -1.1066009E+00
   1.4546100E-01   1.0975298E+01   8.9099371E+00  -1.1066009E+00
   1.5140600E-01   9.1485736E+00   9.6027220E+00  -1.1066009E+00
   1.6174300E-01   1.2270828E+01   3.6537644E+00  -1.1066009E+00
   1.5450900E-01   1.2191516E+01   5.5506751E+00  -3.1475049E+00
   1.4865200E-01   1.1630355E+01   7.4618136E+00  -3.1475049E+00
   1.4963600E-01   1.0125038E+01   8.7661781E+00  -3.1475049E+00
   1.5800200E-01   8.1534911E+00   9.0496445E+00  -3.1475049E+00
   1.6879000E-01   1.1630355E+01   3.6395367E+00  -3.1475049E+00
   1.6305400E-01   1.0697470E+01   5.5506751E+00  -4.6415506E+00
   1.5869900E-01   9.6770184E+00   7.3181491E+00  -4.6415506E+00
   1.7198900E-01   7.6361144E+00   7.3181491E+00  -4.6415506E+00
   1.8404500E-01   9.6770184E+00   3.7832012E+00  -4.6415506E+00
   1.7838000E-01   8.6565664E+00   5.5506751E+00  -5.1884090E+00
   1.4869300E-01   7.5032496E+00   4.7360124E+00   6.0317691E+00
   1.4340500E-01   9.5441537E+00   4.7360124E+00   5.4849108E+00
   1.4635000E-01   8.5237017E+00   6.5034863E+00   5.4849108E+00
   1.5401800E-01   6.4827976E+00   6.5034863E+00   5.4849108E+00
   1.6140500E-01   5.4623456E+00   4.7360124E+00   5.4849108E+00
   1.4459800E-01   1.1038199E+01   4.7360124E+00   3.9908651E+00
   1.4506500E-01   1.0477038E+01   6.6471508E+00   3.9908651E+00
   1.4823500E-01   8.9717217E+00   7.9515153E+00   3.9908651E+00
   1.5485300E-01   7.0001743E+00   8.2349818E+00   3.9908651E+00
   2.0830700E-01   5.6537276E+00  -5.6834605E+00   5.2313133E+00
   2.1975800E-01   4.2368507E+00  -6.7582705E+00   4.2468700E+00
   2.0943500E-01   6.1046067E+00  -7.6112475E+00   4.2468700E+00
   1.9995500E-01   8.1370184E+00  -7.3190316E+00   4.2468700E+00
   2.0314000E-01   8.1403802E+00  -8.6736174E+00   2.7386174E+00
   1.9617000E-01   9.9084116E+00  -7.6528441E+00   2.7386174E+00
   1.9328100E-01   1.1108405E+01  -6.0011972E+00   2.7386174E+00
   1.9657700E-01   1.2206264E+01  -4.0042613E+00   8.8847168E-01
   1.9226600E-01   1.1829254E+01  -1.9874305E+00   8.8847168E-01
   2.0266500E-01   9.1117938E+00  -9.0020027E+00   8.8847168E-01
   1.9841500E-01   1.0749137E+01  -7.7655379E+00   8.8847168E-01
   1.9769800E-01   1.1829254E+01  -6.0210922E+00   8.8847168E-01
   2.0655900E-01   9.1117938E+00  -9.0020027E+00  -1.0804130E+00
   2.1211100E-01   8.1403802E+00  -8.6736174E+00  -2.9305606E+00
   2.3100100E-01   4.2368507E+00  -6.7582705E+00  -4.4388133E+00
   2.2011200E-01   6.1046067E+00  -7.6112475E+00  -4.4388133E+00
   1.8299900E-01   1.1671872E+01   4.6195675E-01  -7.6106447E-01
   1.9670400E-01   1.0998474E+01   4.6195675E-01  -2.6112120E+00
   1.4135200E-01   7.0975992E+00   1.2451405E-01   7.5881248E+00
   1.3468400E-01   9.1224670E+00   1.2451405E-01   7.1853543E+00
   1.3457200E-01   8.1100331E+00   1.8781004E+00   7.1853543E+00
   1.4447400E-01   6.0851652E+00   1.8781004E+00   7.1853543E+00
   1.5572700E-01   5.0727313E+00   1.2451405E-01   7.1853543E+00
   1.5829000E-01   6.0851652E+00  -1.6290723E+00   7.1853543E+00
   1.4775200E-01   8.1100331E+00  -1.6290723E+00   7.1853543E+00
   1.3437800E-01   1.0839066E+01   1.2451405E-01   6.0383586E+00
   1.3163800E-01   1.0337805E+01   1.9952464E+00   6.0383586E+00
   1.3828500E-01   8.9683315E+00   3.3647195E+00   6.0383586E+00
   1.5661700E-01   5.2268649E+00   3.3647195E+00   6.0383586E+00
   1.6809300E-01   3.8573937E+00   1.9952464E+00   6.0383586E+00
   1.8012200E-01   3.3561326E+00   1.2451405E-01   6.0383586E+00
   1.8848700E-01   5.2268649E+00  -3.1156914E+00   6.0383586E+00
   1.6637500E-01   8.9683315E+00  -3.1156914E+00   6.0383586E+00
   1.4685300E-01   1.0337805E+01  -1.7462202E+00   6.0383586E+00
   1.4023600E-01   1.1986061E+01   1.2451405E-01   4.3217599E+00
   1.3646500E-01   1.1563432E+01   2.1128308E+00   4.3217599E+00
   1.5555400E-01   1.1563432E+01  -1.8638027E+00   4.3217599E+00
   1.5306100E-01   1.2388832E+01   1.2451405E-01   2.2968920E+00
   1.4793900E-01   1.2031526E+01   2.0359284E+00   2.2968920E+00
   1.7139500E-01   1.2031526E+01  -1.7869003E+00   2.2968920E+00
   1.7419400E-01   1.1986061E+01   1.2451405E-01   2.7202417E-01
   2.1490400E-01  -2.6208232E-01  -6.7068360E+00   2.7659844E+00
   2.1948500E-01   1.6795450E+00  -7.3377096E+00   2.7659844E+00
   2.2733000E-01   1.2232574E+00  -4.1341517E+00  -5.3958896E+00
   2.1347800E-01   1.1728414E+00   1.1785635E+00   4.4242416E+00
   2.2027300E-01  -3.0984325E-01   4.3821215E+00  -3.7376323E+00
   2.1439400E-01  -2.9650708E+00  -6.0816277E+00   2.9282419E+00
   2.2729800E-01  -3.4213584E+00  -2.8780697E+00  -5.2336320E+00
   2.2162900E-01  -1.1042482E+00   4.4378042E+00  -3.5676345E+00
   2.1161200E-01  -2.8722796E+00   5.4585775E+00  -3.5676345E+00
   1.8806100E-01  -1.1084031E+01   5.2829671E+00   3.4518245E+00
   1.7218900E-01  -1.2062208E+01   6.9843271E+00   9.3426163E-02
   1.7398200E-01  -1.0225542E+01   7.8988770E+00  -1.8754586E+00
   1.6970100E-01  -1.2062208E+01   6.9843271E+00  -1.8754586E+00
   2.0338600E-01  -5.4124700E+00   6.1775388E+00  -3.7256061E+00
   1.8732900E-01  -7.1805014E+00   7.1983121E+00  -3.7256061E+00
   1.7695300E-01  -9.2108665E+00   7.4117132E+00  -3.7256061E+00
   1.7136800E-01  -1.1152494E+01   6.7808395E+00  -3.7256061E+00
   1.7033500E-01  -1.2669660E+01   5.4147774E+00  -3.7256061E+00
   1.7374600E-01  -1.3500032E+01   3.5497312E+00  -3.7256061E+00
   1.9405900E-01  -1.0552113E+01  -4.8341081E+00   3.4179739E+00
   1.8441500E-01  -1.0620576E+01  -6.3319823E+00   1.9097212E+00
   1.7834200E-01  -1.1530290E+01  -6.5354680E+00   5.9575502E-02
   1.8241400E-01  -9.6936235E+00  -7.4500198E+00   5.9575502E-02
   1.7559800E-01  -1.1530290E+01  -6.5354680E+00  -1.9093092E+00
   1.7967100E-01  -9.6936235E+00  -7.4500198E+00  -1.9093092E+00
   1.7582900E-01  -1.2137742E+01  -4.9659202E+00  -3.7594568E+00
   1.7681300E-01  -1.0620576E+01  -6.3319823E+00  -3.7594568E+00
   1.8321100E-01  -8.6789483E+00  -6.9628560E+00  -3.7594568E+00
   1.9545300E-01  -6.6485833E+00  -6.7494549E+00  -3.7594568E+00
   1.7718800E-01  -7.3296783E+00   3.4390367E-01   8.6362178E+00
   1.8484100E-01  -5.3907061E+00   3.4390367E-01   8.2943248E+00
   1.8101700E-01  -6.3601922E+00   2.0231047E+00   8.2943248E+00
   1.7566400E-01  -8.2991644E+00   2.0231047E+00   8.2943248E+00
   1.7437900E-01  -9.2686506E+00   3.4390367E-01   8.2943248E+00
   1.7713200E-01  -8.2991644E+00  -1.3352955E+00   8.2943248E+00
   1.8322200E-01  -6.3601922E+00  -1.3352955E+00   8.2943248E+00
   1.9766000E-01  -3.6856006E+00   3.4390367E-01   7.3098815E+00
   1.7663200E-01  -9.7160413E+00   3.0979147E+00   7.3098815E+00
   1.7875500E-01  -9.7160413E+00  -2.4101055E+00   7.3098815E+00
   1.8342000E-01  -9.7845042E+00   4.5957871E+00   5.8016289E+00
   1.8626500E-01  -9.7845042E+00  -3.9079798E+00   5.8016289E+00
   1.9339500E-01  -1.0694218E+01   4.7992747E+00   3.9514832E+00
   1.9645000E-01  -1.0694218E+01  -4.1114674E+00   3.9514832E+00
   1.7051900E-01   9.2109232E+00  -3.3219890E+00   5.7513621E+00
   1.9717100E-01   6.2592052E+00  -5.0261628E+00   5.7513621E+00
   1.8543500E-01   8.2270166E+00  -5.0261628E+00   5.7513621E+00
   1.7336100E-01   1.0788986E+01  -3.3219890E+00   4.4929010E+00
   1.8572300E-01   1.0226090E+01  -5.2390329E+00   4.4929010E+00
   1.8559400E-01   1.1664744E+01  -3.3219890E+00   2.6743686E+00
   2.1596900E-01   8.5232803E+00  -1.8883370E+00  -5.9261580E+00
   2.1518200E-01   7.9603838E+00   2.8706827E-02  -5.9261580E+00
   2.2221000E-01   2.6553523E+00  -4.5681291E+00  -5.9261580E+00
   2.2024400E-01   4.4727754E+00  -5.3981194E+00  -5.9261580E+00
   2.2204000E-01   6.4504153E+00  -5.1137762E+00  -5.9261580E+00
   2.2189600E-01   7.9603838E+00  -3.8053809E+00  -5.9261580E+00
   2.0650500E-01   6.9452173E+00  -1.8883370E+00  -7.1846210E+00
   2.1124700E-01   5.9613107E+00  -1.8416325E-01  -7.1846210E+00
   2.1689500E-01   3.9934994E+00  -1.8416325E-01  -7.1846210E+00
   2.1517600E-01   3.0095946E+00  -1.8883370E+00  -7.1846210E+00
   2.0999400E-01   3.9934994E+00  -3.5925108E+00  -7.1846210E+00
   2.0764500E-01   5.9613107E+00  -3.5925108E+00  -7.1846210E+00
   2.0665900E-01   4.9774060E+00  -1.8883370E+00  -7.6337617E+00
   2.1500200E-01  -6.9792872E-01  -7.0096797E+00   2.0720071E+00
   2.1529900E-01   1.1194945E+00  -7.8396700E+00   2.0720071E+00
   2.1146500E-01  -1.1327169E+00  -7.7868578E+00   2.5347462E-01
   2.0956600E-01   6.4021838E-01  -8.6406606E+00   2.5347462E-01
   2.1025300E-01  -1.1327169E+00  -7.7868578E+00  -1.7649417E+00
   2.0783600E-01   6.4021838E-01  -8.6406606E+00  -1.7649417E+00
   2.2315100E-01   2.6080297E+00  -8.6406606E+00  -1.7649417E+00
   2.1148900E-01  -6.9792872E-01  -7.0096797E+00  -3.5834723E+00
   2.1023500E-01   1.1194945E+00  -7.8396700E+00  -3.5834723E+00
   2.2686200E-01   3.0971343E+00  -7.5553267E+00  -3.5834723E+00
   2.1532300E-01   6.4021838E-01  -6.0340614E+00  -4.8419353E+00
   2.2532800E-01   2.6080297E+00  -6.0340614E+00  -4.8419353E+00
   1.9160200E-01   2.2571964E+00  -2.5418081E+00   6.5384349E+00
   1.8935800E-01   4.2250078E+00  -2.5418081E+00   6.0892943E+00
   1.8612800E-01   3.2411012E+00  -8.3763427E-01   6.0892943E+00
   1.9869800E-01   1.2732898E+00  -8.3763427E-01   6.0892943E+00
   2.0374700E-01   2.8938508E-01  -2.5418081E+00   6.0892943E+00
   1.9774900E-01   1.2732898E+00  -4.2459819E+00   6.0892943E+00
   1.9660600E-01   3.2411012E+00  -4.2459819E+00   6.0892943E+00
   2.0507800E-01   1.7525659E+00   9.6797434E-01   4.8308332E+00
   2.0812200E-01  -6.4857286E-02  -5.2216001E+00   4.8308332E+00
   2.0597700E-01   1.7525659E+00  -6.0515905E+00   4.8308332E+00
   2.1475200E-01   3.7302057E+00  -5.7672472E+00   4.8308332E+00
   2.0362400E-01   1.7171146E+00   3.0809941E+00   3.8806865E+00
   2.1507300E-01  -2.5069483E-01   3.0809941E+00   3.8806865E+00
   2.0829800E-01   2.2857937E-01   4.8866027E+00   2.6222254E+00
   2.1272200E-01  -2.5069483E-01   5.6875933E+00   8.0369290E-01
   2.1519900E-01  -2.5069483E-01   5.6875933E+00  -1.2147234E+00
   2.1886900E-01   2.2857937E-01   4.8866027E+00  -3.0332540E+00
   2.2136800E-01   1.6311926E+00   2.8337745E+00  -5.8031747E+00
   2.1313100E-01  -3.4644724E-01   3.1181159E+00  -5.8031747E+00
   2.1858600E-01  -2.1638704E+00  -3.0714586E+00  -5.8031747E+00
   2.1702200E-01  -3.4644724E-01  -3.9014470E+00  -5.8031747E+00
   2.2677200E-01   1.6311926E+00  -3.6171056E+00  -5.8031747E+00
   2.1659100E-01   2.1259946E+00  -3.9166650E-01  -7.0616377E+00
   2.1006400E-01   1.1420880E+00   1.3125073E+00  -7.0616377E+00
   2.0732000E-01  -8.2572333E-01   1.3125073E+00  -7.0616377E+00
   2.1005100E-01  -1.8096281E+00  -3.9166650E-01  -7.0616377E+00
   2.0778000E-01  -8.2572333E-01  -2.0958403E+00  -7.0616377E+00
   2.1208500E-01   1.1420880E+00  -2.0958403E+00  -7.0616377E+00
   2.0532600E-01   1.5818329E-01  -3.9166650E-01  -7.5107783E+00
   2.1293200E-01  -3.4766725E+00  -6.5786029E+00   2.1997544E+00
   2.0873500E-01  -3.9559486E+00  -7.3795954E+00   3.8122198E-01
   2.1339000E-01  -1.9881372E+00  -7.3795954E+00   3.8122198E-01
   2.0694900E-01  -3.9559486E+00  -7.3795954E+00  -1.6371943E+00
   2.1279800E-01  -1.9881372E+00  -7.3795954E+00  -1.6371943E+00
   2.0841100E-01  -3.4766725E+00  -6.5786029E+00  -3.4557249E+00
   2.1805000E-01  -1.4990327E+00  -6.2942615E+00  -3.4557249E+00
   2.1606800E-01  -3.9559486E+00  -4.7729962E+00  -4.7141879E+00
   2.1926600E-01  -1.9881372E+00  -4.7729962E+00  -4.7141879E+00
   2.0394300E-01  -2.3763191E+00  -1.3288270E+00   6.6941710E+00
   2.0392000E-01  -4.0850774E-01  -1.3288270E+00   6.2450304E+00
   2.0490200E-01  -1.3924144E+00   3.7534871E-01   6.2450304E+00
   2.0318200E-01  -1.3924144E+00  -3.0330008E+00   6.2450304E+00
   2.1245300E-01   6.0665873E-01   5.8821690E-01   4.9865693E+00
   2.1322700E-01  -9.0330981E-01   1.8966140E+00   4.9865693E+00
   2.0871600E-01  -2.8809496E+00  -4.8386075E+00   4.9865693E+00
   2.1074800E-01  -9.0330981E-01  -4.5542661E+00   4.9865693E+00
   2.1613400E-01  -8.8913497E-01   4.5698639E+00   2.8241898E+00
   2.0757600E-01  -2.3991035E+00   5.8782610E+00   2.8241898E+00
   2.1241600E-01  -4.3767433E+00   6.1626024E+00   2.8241898E+00
   2.0947600E-01  -1.1152709E+00   6.1097921E+00   1.0056574E+00
   2.0335100E-01  -2.8882081E+00   6.9635930E+00   1.0056574E+00
   2.1178900E-01  -1.1152709E+00   6.1097921E+00  -1.0127590E+00
   2.0382900E-01  -2.8882081E+00   6.9635930E+00  -1.0127590E+00
   2.1047300E-01  -2.3991035E+00   5.8782610E+00  -2.8312895E+00
   2.1022700E-01  -4.3767433E+00   6.1626024E+00  -2.8312895E+00
   2.0708400E-01  -2.9981315E+00   4.1370429E+00  -5.6227285E+00
   2.0595000E-01  -4.9757714E+00   4.4213843E+00  -5.6227285E+00
   2.2571200E-01  -2.9981315E+00  -2.3138372E+00  -5.6227285E+00
   2.1141800E-01  -2.5033295E+00   9.1160193E-01  -6.8811915E+00
   2.0368800E-01  -3.4872361E+00   2.6157776E+00  -6.8811915E+00
   2.0390200E-01  -5.4550456E+00   2.6157776E+00  -6.8811915E+00
   2.1032600E-01  -6.4389522E+00   9.1160193E-01  -6.8811915E+00
   2.1156400E-01  -5.4550456E+00  -7.9257187E-01  -6.8811915E+00
   2.1206000E-01  -3.4872361E+00  -7.9257187E-01  -6.8811915E+00
   2.0415700E-01  -4.4711408E+00   9.1160193E-01  -7.3303321E+00
   2.1417600E-01   4.7647948E+00  -7.4275737E+00   4.1784506E+00
   2.1517500E-01   3.4266477E+00  -8.4031920E+00   2.9199895E+00
   2.0546600E-01   5.2440709E+00  -9.2331823E+00   2.9199895E+00
   2.0380300E-01   7.2217107E+00  -8.9488390E+00   2.9199895E+00
   2.1578700E-01   2.9918595E+00  -9.1803701E+00   1.1014570E+00
   2.0554000E-01   4.7647948E+00  -1.0034173E+01   1.1014570E+00
   2.0199800E-01   6.7326061E+00  -1.0034173E+01   1.1014570E+00
   2.1912900E-01   2.9918595E+00  -9.1803701E+00  -9.1695930E-01
   2.0833200E-01   4.7647948E+00  -1.0034173E+01  -9.1695930E-01
   2.0527300E-01   6.7326061E+00  -1.0034173E+01  -9.1695930E-01
   2.2512100E-01   3.4266477E+00  -8.4031920E+00  -2.7354899E+00
   2.1435600E-01   5.2440709E+00  -9.2331823E+00  -2.7354899E+00
   1.9376000E-01   1.2611260E+01  -4.2410289E+00  -2.0879393E-01
   1.9725100E-01   1.2173380E+01  -2.3225545E+00  -2.0879393E-01
   2.0128400E-01   1.0946470E+01  -7.6979991E+00  -2.0879393E-01
   1.9472500E-01   1.2173380E+01  -6.1595033E+00  -2.0879393E-01
   1.9349000E-01   1.2611260E+01  -4.2410289E+00  -2.2272103E+00
   1.9933300E-01   1.2173380E+01  -2.3225545E+00  -2.2272103E+00
   1.9808200E-01   1.0946470E+01  -7.6979991E+00  -2.2272103E+00
   1.9311800E-01   1.2173380E+01  -6.1595033E+00  -2.2272103E+00
   1.9775400E-01   1.1735501E+01  -4.2410289E+00  -4.0457408E+00
   2.0650900E-01   1.1172606E+01  -2.3239850E+00  -4.0457408E+00
   2.2619800E-01   9.6626376E+00  -1.0155898E+00  -4.0457408E+00
   2.0369700E-01   9.6626376E+00  -7.4664680E+00  -4.0457408E+00
   1.9703000E-01   1.1172606E+01  -6.1580728E+00  -4.0457408E+00
   2.0668200E-01   1.0157440E+01  -4.2410289E+00  -5.3042038E+00
   2.2194700E-01   9.1735331E+00  -2.5368551E+00  -5.3042038E+00
   2.0829500E-01   9.1735331E+00  -5.9452027E+00  -5.3042038E+00
   2.2199900E-01   8.1896283E+00  -4.2410289E+00  -5.7533445E+00
   1.7497300E-01  -1.0306295E+01   1.9171081E+00   7.5648358E+00
   1.7026900E-01  -1.1290200E+01   2.1293243E-01   7.5648358E+00
   1.7529100E-01  -1.0306295E+01  -1.4912414E+00   7.5648358E+00
   1.7459800E-01  -1.1644442E+01   2.8927245E+00   6.3063747E+00
   1.7018700E-01  -1.2724629E+01   1.2119210E+00   6.3063747E+00
   1.7032900E-01  -1.2724629E+01  -7.8605609E-01   6.3063747E+00
   1.7499900E-01  -1.1644442E+01  -2.4668596E+00   6.3063747E+00
   1.8417900E-01  -1.2079231E+01   3.6699046E+00   4.4878422E+00
   1.7861100E-01  -1.3306141E+01   2.1314068E+00   4.4878422E+00
   1.7666900E-01  -1.3744021E+01   2.1293243E-01   4.4878422E+00
   1.7853600E-01  -1.3306141E+01  -1.7055420E+00   4.4878422E+00
   1.8433200E-01  -1.2079231E+01  -3.2440378E+00   4.4878422E+00
   1.9363500E-01  -1.3744021E+01   2.1293243E-01   2.4694259E+00
   1.9110000E-01  -4.3514286E+00  -1.2830370E+00   7.8081097E+00
   1.8125100E-01  -7.3031465E+00  -2.9872108E+00   7.8081097E+00
   1.8541400E-01  -5.3353352E+00  -2.9872108E+00   7.8081097E+00
   1.8475400E-01  -8.6412936E+00  -3.9628291E+00   6.5496485E+00
   1.8611600E-01  -6.8238705E+00  -4.7928175E+00   6.5496485E+00
   1.9288100E-01  -4.8462306E+00  -4.5084761E+00   6.5496485E+00
   2.0212700E-01  -3.3362621E+00  -3.2000809E+00   6.5496485E+00
   1.9649700E-01  -7.3031465E+00  -5.5938081E+00   4.7311161E+00
   2.0286200E-01  -5.3353352E+00  -5.5938081E+00   4.7311161E+00
   1.8753400E-01  -4.5643950E+00   2.0949748E+00   7.7951197E+00
   1.7957500E-01  -5.5483016E+00   3.7991505E+00   7.7951197E+00
   1.7661700E-01  -7.5161111E+00   3.7991505E+00   7.7951197E+00
   2.0135800E-01  -2.9863321E+00   2.0949748E+00   6.5366586E+00
   1.9159500E-01  -3.5492285E+00   4.0120187E+00   6.5366586E+00
   1.8353800E-01  -5.0591971E+00   5.3204158E+00   6.5366586E+00
   1.7899900E-01  -7.0368369E+00   5.6047572E+00   6.5366586E+00
   1.7926500E-01  -8.8542601E+00   4.7747669E+00   6.5366586E+00
   2.1080600E-01  -2.5484542E+00   4.0134492E+00   4.7181261E+00
   1.9971000E-01  -3.7753645E+00   5.5519469E+00   4.7181261E+00
   1.9200900E-01  -5.5483016E+00   6.4057478E+00   4.7181261E+00
   1.8852700E-01  -7.5161111E+00   6.4057478E+00   4.7181261E+00
   1.8917400E-01  -9.2890483E+00   5.5519469E+00   4.7181261E+00
   1.7674000E-01  -1.2976427E+01   4.9370036E+00   2.5250386E+00
   1.7605100E-01  -1.4056613E+01   3.2562001E+00   2.5250386E+00
   1.8583100E-01  -1.4056613E+01   1.2582230E+00   2.5250386E+00
   1.7051700E-01  -1.3411215E+01   5.7141837E+00   7.0650619E-01
   1.6763500E-01  -1.4638126E+01   4.1756859E+00   7.0650619E-01
   1.7146300E-01  -1.5076005E+01   2.2572116E+00   7.0650619E-01
   1.8300900E-01  -1.4638126E+01   3.3873716E-01   7.0650619E-01
   1.7022500E-01  -1.3411215E+01   5.7141837E+00  -1.3119101E+00
   1.6659900E-01  -1.4638126E+01   4.1756859E+00  -1.3119101E+00
   1.6970400E-01  -1.5076005E+01   2.2572116E+00  -1.3119101E+00
   1.8033700E-01  -1.4638126E+01   3.3873716E-01  -1.3119101E+00
   1.7189700E-01  -1.4056613E+01   3.2562001E+00  -3.1304407E+00
   1.7841100E-01  -1.4056613E+01   1.2582230E+00  -3.1304407E+00
   1.9395300E-01  -8.9577604E+00   6.0044796E+00   3.9624247E+00
   1.9179900E-01  -6.5008464E+00   7.5257449E+00   2.7039636E+00
   1.8065500E-01  -8.4784862E+00   7.8100863E+00   2.7039636E+00
   1.7981500E-01  -1.0295909E+01   6.9800960E+00   2.7039636E+00
   1.9616200E-01  -5.2170138E+00   7.7572761E+00   8.8543111E-01
   1.8090600E-01  -6.9899490E+00   8.6110769E+00   8.8543111E-01
   1.7361100E-01  -8.9577604E+00   8.6110769E+00   8.8543111E-01
   1.7352500E-01  -1.0730698E+01   7.7572761E+00   8.8543111E-01
   1.9507500E-01  -5.2170138E+00   7.7572761E+00  -1.1329852E+00
   1.8031700E-01  -6.9899490E+00   8.6110769E+00  -1.1329852E+00
   1.7350600E-01  -8.9577604E+00   8.6110769E+00  -1.1329852E+00
   1.8929700E-01  -6.5008464E+00   7.5257449E+00  -2.9515158E+00
   1.8007400E-01  -8.4784862E+00   7.8100863E+00  -2.9515158E+00
   2.0371500E-01  -5.5959908E+00   4.4589521E+00  -5.7769207E+00
   1.8673400E-01  -7.1059593E+00   5.7673492E+00  -5.7769207E+00
   1.7638600E-01  -9.0835991E+00   6.0516906E+00  -5.7769207E+00
   1.7215700E-01  -1.0901022E+01   5.2217003E+00  -5.7769207E+00
   1.7355200E-01  -1.1981209E+01   3.5408967E+00  -5.7769207E+00
   1.8090200E-01  -1.1981209E+01   1.5429197E+00  -5.7769207E+00
   2.0023600E-01  -6.6111572E+00   2.5419082E+00  -7.0353837E+00
   1.8501500E-01  -7.5950639E+00   4.2460839E+00  -7.0353837E+00
   1.7548600E-01  -9.5628733E+00   4.2460839E+00  -7.0353837E+00
   1.7741200E-01  -1.0546780E+01   2.5419082E+00  -7.0353837E+00
   1.9033500E-01  -9.5628733E+00   8.3773443E-01  -7.0353837E+00
   2.0350400E-01  -7.5950639E+00   8.3773443E-01  -7.0353837E+00
   1.8514800E-01  -8.5789686E+00   2.5419082E+00  -7.4845243E+00
   1.9417600E-01  -1.3560307E+01  -1.2158818E+00   2.4149923E+00
   1.8094100E-01  -1.3560307E+01  -3.2138589E+00   2.4149923E+00
   1.7956800E-01  -1.2480121E+01  -4.8946624E+00   2.4149923E+00
   1.7731700E-01  -1.4579699E+01  -2.2148704E+00   5.9645988E-01
   1.7143300E-01  -1.4141819E+01  -4.1333447E+00   5.9645988E-01
   1.7271800E-01  -1.2914909E+01  -5.6718406E+00   5.9645988E-01
   1.7482600E-01  -1.4579699E+01  -2.2148704E+00  -1.4219564E+00
   1.6983100E-01  -1.4141819E+01  -4.1333447E+00  -1.4219564E+00
   1.7180500E-01  -1.2914909E+01  -5.6718406E+00  -1.4219564E+00
   1.8373100E-01  -1.3560307E+01  -1.2158818E+00  -3.2404870E+00
   1.7494600E-01  -1.3560307E+01  -3.2138589E+00  -3.2404870E+00
   1.8731100E-01  -1.1374444E+01  -1.0688838E+00  -5.8056748E+00
   1.7915100E-01  -1.1374444E+01  -3.0668609E+00  -5.8056748E+00
   1.7771200E-01  -1.0294258E+01  -4.7476644E+00  -5.8056748E+00
   1.8248500E-01  -8.4768346E+00  -5.5776529E+00  -5.8056748E+00
   1.9348000E-01  -6.4991948E+00  -5.2933115E+00  -5.8056748E+00
   2.0923900E-01  -4.9892262E+00  -3.9849162E+00  -5.8056748E+00
   2.0282900E-01  -6.0043927E+00  -2.0678723E+00  -7.0641378E+00
   2.0566700E-01  -6.9882993E+00  -3.6369666E-01  -7.0641378E+00
   1.9475100E-01  -8.9561107E+00  -3.6369666E-01  -7.0641378E+00
   1.8218200E-01  -9.9400154E+00  -2.0678723E+00  -7.0641378E+00
   1.8032700E-01  -8.9561107E+00  -3.7720461E+00  -7.0641378E+00
   1.8971400E-01  -6.9882993E+00  -3.7720461E+00  -7.0641378E+00
   1.8888700E-01  -7.9722040E+00  -2.0678723E+00  -7.5132784E+00
   1.8963000E-01  -9.4622964E+00  -6.3504261E+00   2.7130154E+00
   1.9039400E-01  -7.6448733E+00  -7.1804145E+00   2.7130154E+00
   2.0236600E-01  -5.6672334E+00  -6.8960731E+00   2.7130154E+00
   1.8406400E-01  -8.1241493E+00  -7.9814051E+00   8.9448290E-01
   1.9306000E-01  -6.1563380E+00  -7.9814051E+00   8.9448290E-01
   2.1095000E-01  -4.3834008E+00  -7.1276042E+00   8.9448290E-01
   1.8451200E-01  -8.1241493E+00  -7.9814051E+00  -1.1239334E+00
   1.9331400E-01  -6.1563380E+00  -7.9814051E+00  -1.1239334E+00
   2.0276000E-01  -5.6672334E+00  -6.8960731E+00  -2.9424640E+00
   2.0127700E-01   2.3988257E+00   3.6930537E+00   3.3449133E+00
   2.1406500E-01   1.1484885E+00   5.6054942E+00  -1.9823698E+00
   1.9875800E-01   1.0380484E+01   6.6946189E-01  -3.8325174E+00
   1.8588900E-01   9.5393708E+00   2.6663977E+00  -5.3407700E+00
   2.0564500E-01   8.9608860E+00   6.9626009E-01  -5.3407700E+00
   2.2067500E-01   1.2230836E+00   4.5971118E+00  -3.7925251E+00
   1.9122500E-01   4.7022052E+00   6.1884199E+00  -5.6110557E+00
   2.0134200E-01   2.8847820E+00   5.3584295E+00  -5.6110557E+00
   2.1692300E-01   1.8045957E+00   3.6776260E+00  -5.6110557E+00
   1.9559000E-01   7.1746471E+00   2.6786375E+00  -6.8695187E+00
   1.9021800E-01   6.1907423E+00   4.3828112E+00  -6.8695187E+00
   1.9702900E-01   4.2229310E+00   4.3828112E+00  -6.8695187E+00
   2.1125300E-01   3.2390244E+00   2.6786375E+00  -6.8695187E+00
   2.2097700E-01   4.2229310E+00   9.7446366E-01  -6.8695187E+00
   2.1287100E-01   6.1907423E+00   9.7446366E-01  -6.8695187E+00
   2.0133000E-01   5.2068357E+00   2.6786375E+00  -7.3186593E+00
   1.4988000E-01   6.4594803E+00   8.6376427E+00   4.3242940E+00
   1.5965600E-01   4.5917242E+00   7.7846657E+00   4.3242940E+00
   1.7260100E-01   3.4816198E+00   6.0573126E+00   4.3242940E+00
   1.8279900E-01   3.4816198E+00   4.0040006E+00   4.3242940E+00
   1.4163000E-01   1.1463278E+01   7.0275924E+00   2.8160413E+00
   1.4091400E-01   1.0263285E+01   8.6792393E+00   2.8160413E+00
   1.4293100E-01   8.4952537E+00   9.7000126E+00   2.8160413E+00
   1.4873200E-01   6.4648887E+00   9.9134137E+00   2.8160413E+00
   1.8856500E-01   2.1757228E+00   6.0514298E+00   2.8160413E+00
   1.4139400E-01   1.1104011E+01   8.7919332E+00   9.6589564E-01
   1.4182900E-01   9.4666674E+00   1.0028398E+01   9.6589564E-01
   1.4598100E-01   7.4932265E+00   1.0589890E+01   9.6589564E-01
   1.5492600E-01   1.2184127E+01   3.0138257E+00   9.6589564E-01
   1.4443100E-01   9.4666674E+00   1.0028398E+01  -1.0029891E+00
   1.4812100E-01   7.4932265E+00   1.0589890E+01  -1.0029891E+00
   1.6353000E-01   6.4594803E+00   8.6376427E+00  -4.3613893E+00
   1.8240500E-01   6.0086011E+00   6.7098557E+00  -5.3458326E+00
   1.5116600E-01   5.0730545E+00   1.0051201E+01   2.6773128E+00
   1.6086700E-01   3.2556313E+00   9.2212109E+00   2.6773128E+00
   1.7680700E-01   2.1754450E+00   7.5404073E+00   2.6773128E+00
   1.4668800E-01   6.5615916E+00   1.0852192E+01   8.5878031E-01
   1.5083900E-01   4.5937803E+00   1.0852192E+01   8.5878031E-01
   1.6099800E-01   2.8208431E+00   9.9983890E+00   8.5878031E-01
   1.7723000E-01   1.5939328E+00   8.4598932E+00   8.5878031E-01
   1.9832700E-01   1.1560531E+00   6.5414188E+00   8.5878031E-01
   1.4842700E-01   6.5615916E+00   1.0852192E+01  -1.1596360E+00
   1.5279200E-01   4.5937803E+00   1.0852192E+01  -1.1596360E+00
   1.6339300E-01   2.8208431E+00   9.9983890E+00  -1.1596360E+00
   1.8043000E-01   1.5939328E+00   8.4598932E+00  -1.1596360E+00
   2.0305900E-01   1.1560531E+00   6.5414188E+00  -1.1596360E+00
   1.5751500E-01   5.0730545E+00   1.0051201E+01  -2.9781666E+00
   1.6895000E-01   3.2556313E+00   9.2212109E+00  -2.9781666E+00
   1.8885000E-01   2.1754450E+00   7.5404073E+00  -2.9781666E+00
   1.7417200E-01   4.5937803E+00   8.2455926E+00  -4.2366296E+00
   1.4408600E-01   1.3078198E+01   5.5506751E+00  -9.7392698E-02
   1.3947400E-01   1.2640319E+01   7.4691495E+00  -9.7392698E-02
   1.3960000E-01   1.1413408E+01   9.0076454E+00  -9.7392698E-02
   1.5434400E-01   1.2640319E+01   3.6322007E+00  -9.7392698E-02
   1.4598200E-01   1.3078198E+01   5.5506751E+00  -2.1158090E+00
   1.4044900E-01   1.2640319E+01   7.4691495E+00  -2.1158090E+00
   1.3981900E-01   1.1413408E+01   9.0076454E+00  -2.1158090E+00
   1.4398900E-01   9.6404730E+00   9.8614481E+00  -2.1158090E+00
   1.5787400E-01   1.2640319E+01   3.6322007E+00  -2.1158090E+00
   1.5089100E-01   1.2202441E+01   5.5506751E+00  -3.9343396E+00
   1.4487900E-01   1.1639544E+01   7.4677190E+00  -3.9343396E+00
   1.4584200E-01   1.0129576E+01   8.7761143E+00  -3.9343396E+00
   1.5408000E-01   8.1519359E+00   9.0604575E+00  -3.9343396E+00
   1.6536300E-01   1.1639544E+01   3.6336313E+00  -3.9343396E+00
   1.5947800E-01   1.0624378E+01   5.5506751E+00  -5.1928026E+00
   1.5533800E-01   9.6404730E+00   7.2548489E+00  -5.1928026E+00
   1.6807100E-01   7.6726617E+00   7.2548489E+00  -5.1928026E+00
   1.7953900E-01   9.6404730E+00   3.8465013E+00  -5.1928026E+00
   1.7378000E-01   8.6565664E+00   5.5506751E+00  -5.6419432E+00
   1.4427000E-01   7.5032496E+00   4.7360124E+00   6.4853034E+00
   1.3887900E-01   9.4710610E+00   4.7360124E+00   6.0361628E+00
   1.4121400E-01   8.4871563E+00   6.4401862E+00   6.0361628E+00
   1.4852700E-01   6.5193449E+00   6.4401862E+00   6.0361628E+00
   1.5565400E-01   5.5354383E+00   4.7360124E+00   6.0361628E+00
   1.3866200E-01   1.1049124E+01   4.7360124E+00   4.7777016E+00
   1.3877900E-01   1.0486227E+01   6.6530562E+00   4.7777016E+00
   1.4158700E-01   8.9762589E+00   7.9614515E+00   4.7777016E+00
   1.4787900E-01   6.9986191E+00   8.2457948E+00   4.7777016E+00
   1.7515500E-01   4.1010096E+00   3.7370238E+00   4.7777016E+00
   1.4355800E-01   1.1924882E+01   4.7360124E+00   2.9591692E+00
