capped-resp run #1
 &cntrl
 nmol=1,
 ihfree=1,
 qwt=0.0005,
 iqopt=2,
 /
    1.00000
KM3
    2   39
    7    0
    6   -1
    6   -1
    8   -1
    6    0
    6    0
    6    0
    6    0
    7    0
    6    0
    6   10
    6   10
    1    0
    1   -1
    1    0
    1   15
    1    0
    1   17
    1    0
    1   19
    1    0
    1   21
    1   13
    1   13
    1    0
    1   25
    1   25
    1   25
    1   25
    1   25
    1   25
    1   25
    1   25
    7   -1
    1   -1
    6   -1
    1   -1
    1   -1
    1   -1


