   38 1334    0
                   9.6769013E+00  -1.5257723E+00  -1.1065272E+00
                   9.0272229E+00  -2.9197079E+00  -2.4901883E+00
                   1.0839355E+01  -2.4850350E+00   3.1114905E-01
                   1.0884147E+01  -1.4032349E-01  -2.0555343E+00
                   7.5376559E+00  -1.3545745E-01   2.3468696E-01
                   7.9666104E+00   1.5502481E+00   1.7767374E+00
                   5.1699048E+00  -9.1433258E-01  -3.7428858E-01
                   4.8603072E+00  -2.2126764E+00  -1.7457156E+00
                   2.8705769E+00   1.6172275E-01   7.0546873E-01
                   7.4755670E-01  -1.8358896E+00   3.7767686E-01
                   5.0231562E-01  -2.7148484E+00  -1.8237027E+00
                   2.2769516E+00   2.6914139E+00  -6.5766433E-01
                  -1.8147795E-01   4.1084382E+00   2.4545651E-02
                  -2.6353306E+00   2.9486434E+00  -1.1251580E+00
                  -4.1602280E+00   1.6039805E+00   9.2584101E-01
                  -6.1120353E+00  -3.7954958E-01   2.6594114E-02
                  -6.4753804E+00  -2.1984127E+00   2.1923637E+00
                  -8.5568550E+00   8.8689565E-01  -6.1471842E-01
                  -5.2242930E+00  -1.8903118E+00  -2.2323465E+00
                  -6.1234492E-01  -2.3025007E+00   2.2841099E+00
                   3.1942095E+00   5.1259195E-01   2.7143174E+00
                   3.8796093E+00   3.9445309E+00  -2.7116623E-01
                   2.2811128E+00   2.3116111E+00  -2.6969924E+00
                  -3.5976036E-01   4.2735964E+00   2.0871381E+00
                   3.1728499E-03   6.0496819E+00  -6.7453580E-01
                  -3.7688714E+00   4.4233591E+00  -2.0432058E+00
                  -2.0607897E+00   1.6050066E+00  -2.5822690E+00
                  -2.8658110E+00   5.3667084E-01   2.1257206E+00
                  -5.2469792E+00   2.9405780E+00   2.0717614E+00
                  -6.5690844E+00  -3.4348321E+00  -2.4942815E+00
                  -5.2540940E+00  -6.7142342E-01  -3.8931832E+00
                  -3.3006105E+00  -2.6133229E+00  -1.9103939E+00
                  -7.9418097E+00  -3.5579950E+00   1.6802102E+00
                  -4.6417736E+00  -3.1054793E+00   2.5098755E+00
                  -7.0535213E+00  -1.1259328E+00   3.8583027E+00
                  -9.8941517E+00  -5.2543831E-01  -1.3047103E+00
                  -9.3120046E+00   1.7989379E+00   1.0745341E+00
                  -8.2140625E+00   2.2980825E+00  -2.0791597E+00
  -3.0527000E-02   1.2568084E+01   3.3227808E-01   8.7768513E-01
  -1.6365000E-02   7.4263038E+00  -4.1230986E+00   8.7768513E-01
  -1.0179000E-02   1.3645326E+01  -1.5257723E+00  -1.1065272E+00
  -6.3310000E-03   1.2568084E+01  -3.3838227E+00  -3.0907395E+00
  -6.1760000E-03   8.6847951E+00   1.9260654E-01  -4.5432830E+00
  -5.7320000E-03   7.5175435E+00  -5.5345482E+00  -1.5091390E+00
  -6.7340000E-03   9.5515293E+00  -5.8931936E+00  -1.5091390E+00
   1.6100000E-04   7.5175435E+00  -5.5345482E+00  -3.4712358E+00
  -1.5790000E-03   9.5515293E+00  -5.8931936E+00  -3.4712358E+00
  -3.7830000E-03   1.1340185E+01  -4.8605132E+00  -3.4712358E+00
  -3.5300000E-03   1.0893288E+01  -2.9197079E+00  -5.0586056E+00
  -5.2040000E-03   9.6038690E+00  -1.1449736E+00  -5.0586056E+00
  -9.0100000E-04   7.5175435E+00  -1.8228618E+00  -5.0586056E+00
   2.1860000E-03   7.5175435E+00  -4.0165540E+00  -5.0586056E+00
   3.1400000E-04   9.6038690E+00  -4.6944422E+00  -5.0586056E+00
  -9.7800000E-04   9.0272229E+00  -2.9197079E+00  -5.6649280E+00
  -2.1681000E-02   1.0839355E+01  -2.4850350E+00   3.4858887E+00
  -1.3490000E-02   1.2705420E+01  -2.4850350E+00   2.8795682E+00
  -3.9680000E-02   1.1416001E+01  -7.1030076E-01   2.8795682E+00
  -1.6233000E-02   9.3296755E+00  -3.5818811E+00   2.8795682E+00
  -8.9060000E-03   1.1416001E+01  -4.2597693E+00   2.8795682E+00
  -9.0790000E-03   1.3858712E+01  -2.4850350E+00   1.2921984E+00
  -2.2133000E-02   1.3152317E+01  -5.4422975E-01   1.2921984E+00
  -1.1273000E-02   9.3296755E+00  -5.0998753E+00   1.2921984E+00
  -5.8700000E-03   1.1363661E+01  -5.4585208E+00   1.2921984E+00
  -4.2260000E-03   1.3152317E+01  -4.4258403E+00   1.2921984E+00
  -8.4370000E-03   1.3858712E+01  -2.4850350E+00  -6.6989841E-01
  -6.4760000E-03   1.1363661E+01  -5.4585208E+00  -6.6989841E-01
  -5.0820000E-03   1.3152317E+01  -4.4258403E+00  -6.6989841E-01
  -5.2154000E-02   1.1460793E+01   1.6344108E+00   5.1288486E-01
  -1.2117000E-02   1.3903504E+01  -1.4032349E-01  -1.0744850E+00
  -1.6934000E-02   1.3197109E+01   1.8004818E+00  -1.0744850E+00
  -3.0202000E-02   1.1408453E+01   2.8331622E+00  -1.0744850E+00
  -4.8410000E-03   1.3903504E+01  -1.4032349E-01  -3.0365818E+00
  -5.7750000E-03   1.3197109E+01   1.8004818E+00  -3.0365818E+00
  -1.0709000E-02   1.1408453E+01   2.8331622E+00  -3.0365818E+00
  -1.2723000E-02   9.3744676E+00   2.4745168E+00  -3.0365818E+00
  -6.1780000E-03   1.3197109E+01  -2.0811288E+00  -3.0365818E+00
  -2.4210000E-03   1.2750212E+01  -1.4032349E-01  -4.6239516E+00
  -3.3520000E-03   1.1460793E+01   1.6344108E+00  -4.6239516E+00
  -6.0670000E-03   9.3744676E+00   9.5652260E-01  -4.6239516E+00
  -4.0500000E-03   1.0884147E+01  -1.4032349E-01  -5.2302740E+00
  -4.3663000E-02   6.5455497E+00  -1.8538363E+00   3.6714428E+00
  -4.0445000E-02   8.5297620E+00  -1.8538363E+00   3.6714428E+00
  -2.6773000E-02   7.0485551E+00  -3.5372326E+00   2.2188992E+00
  -3.1674000E-02   8.9653363E+00   2.9907257E+00  -1.7495253E+00
  -3.1641000E-02   7.0485551E+00   3.2663177E+00  -1.7495253E+00
  -1.8156000E-02   6.5455497E+00   1.5829214E+00  -3.2020689E+00
  -7.8430000E-02   7.9666104E+00   1.5502481E+00   5.4806003E+00
  -7.9017000E-02   9.8185419E+00   1.5502481E+00   4.9843772E+00
  -8.0745000E-02   8.8925762E+00   3.1540679E+00   4.9843772E+00
  -7.9316000E-02   7.0406447E+00   3.1540679E+00   4.9843772E+00
  -7.4453000E-02   6.1146790E+00   1.5502481E+00   4.9843772E+00
  -7.0311000E-02   7.0406447E+00  -5.3571842E-02   4.9843772E+00
  -7.1433000E-02   8.8925762E+00  -5.3571842E-02   4.9843772E+00
  -7.7038000E-02   1.1174250E+01   1.5502481E+00   3.6286689E+00
  -8.1430000E-02   1.0561645E+01   3.4356503E+00   3.6286689E+00
  -7.9513000E-02   8.9578246E+00   4.6008951E+00   3.6286689E+00
  -7.7083000E-02   6.9753944E+00   4.6008951E+00   3.6286689E+00
  -7.1773000E-02   5.3715764E+00   3.4356503E+00   3.6286689E+00
  -6.1801000E-02   1.0561645E+01  -3.3515424E-01   3.6286689E+00
  -6.6712000E-02   1.1670473E+01   1.5502481E+00   1.7767374E+00
  -7.6401000E-02   1.1174250E+01   3.4021795E+00   1.7767374E+00
  -7.6552000E-02   9.8185419E+00   4.7578878E+00   1.7767374E+00
  -7.3060000E-02   7.9666104E+00   5.2541110E+00   1.7767374E+00
  -6.1983000E-02   1.0561645E+01   3.4356503E+00  -7.5194087E-02
  -6.5091000E-02   8.9578246E+00   4.6008951E+00  -7.5194087E-02
  -4.0230000E-02   6.1620109E+00  -2.6327114E+00   3.0624673E+00
  -4.3237000E-02   4.6808040E+00  -4.3161077E+00   1.6099237E+00
  -3.1040000E-02   6.5975852E+00  -4.0405157E+00   1.6099237E+00
  -1.9019000E-02   6.1620109E+00   8.0404628E-01  -3.8110444E+00
  -1.7914000E-02   5.3846136E+00  -5.1861621E+00  -7.6466628E-01
  -5.7610000E-03   5.3846136E+00  -5.1861621E+00  -2.7267631E+00
  -1.4046000E-02   5.4369533E+00  -4.3794211E-01  -4.3141329E+00
  -3.7425000E-02   3.3506278E+00  -1.1158303E+00  -4.3141329E+00
  -4.4662000E-02   3.3506278E+00  -3.3095225E+00  -4.3141329E+00
  -2.6600000E-04   5.4369533E+00  -3.9874107E+00  -4.3141329E+00
  -8.8840000E-03   4.8603072E+00  -2.2126764E+00  -4.9204553E+00
  -6.1495000E-02   2.1752371E+00  -4.9620727E+00   2.3618891E+00
  -4.4383000E-02   3.6387392E+00  -3.6939400E+00   2.3618891E+00
  -8.5032000E-02  -6.5966555E-01  -5.5464308E+00   3.7767686E-01
  -7.1135000E-02   1.2258974E+00  -5.7753806E+00   3.7767686E-01
  -4.7643000E-02   3.0018789E+00  -5.1018388E+00   3.7767686E-01
  -8.2667000E-02  -4.8890046E-01  -5.7654954E+00   2.8228727E-02
  -7.1780000E-02   1.4935298E+00  -5.7654954E+00   2.8228727E-02
  -6.9626000E-02  -1.3496158E+00  -5.9224882E+00  -1.8237027E+00
  -7.8105000E-02   5.0231562E-01  -6.4187113E+00  -1.8237027E+00
  -6.9674000E-02   2.3542471E+00  -5.9224882E+00  -1.8237027E+00
  -7.0502000E-02  -4.8890046E-01  -5.7654954E+00  -3.6756342E+00
  -7.2916000E-02   1.4935298E+00  -5.7654954E+00  -3.6756342E+00
  -5.6798000E-02   3.0973497E+00  -4.6002507E+00  -3.6756342E+00
  -6.3039000E-02   2.3542471E+00  -2.7148484E+00  -5.0313425E+00
  -6.0704000E-02   1.4282814E+00  -1.1110285E+00  -5.0313425E+00
  -4.9349000E-02  -4.2365011E-01  -1.1110285E+00  -5.0313425E+00
  -4.7420000E-02  -1.3496158E+00  -2.7148484E+00  -5.0313425E+00
  -6.3368000E-02  -4.2365011E-01  -4.3186683E+00  -5.0313425E+00
  -6.8558000E-02   1.4282814E+00  -4.3186683E+00  -5.0313425E+00
  -6.3227000E-02   5.0231562E-01  -2.7148484E+00  -5.5275657E+00
  -2.4887000E-02   5.7137075E+00   2.6914139E+00  -2.6418766E+00
  -1.0899000E-02   2.7097064E+00   5.9664886E+00   2.0087579E+00
  -3.8010000E-03   1.2462025E+00   7.2346213E+00   2.0087579E+00
   1.4264000E-02  -2.4320755E+00   6.7057645E+00   2.0087579E+00
   1.3763000E-02  -1.6432245E+00   4.6670223E+00  -4.5619138E+00
   2.2713000E-02  -4.1602280E+00   1.6039805E+00   4.8942656E+00
   6.4850000E-03  -4.4911681E+00  -2.1984127E+00   5.6291196E+00
   3.1894000E-02  -7.4674866E+00  -3.9167916E+00   5.6291196E+00
   1.6687000E-02  -5.4832743E+00  -3.9167916E+00   5.6291196E+00
   2.7241000E-02  -6.9644812E+00  -5.6001878E+00   4.1765760E+00
   2.0172000E-02  -5.9970398E+00  -6.1379037E+00   2.1923637E+00
   1.7984000E-02  -5.0477000E+00  -5.3245959E+00   2.0815143E-01
   5.5538000E-02  -1.1854399E+01  -8.1350814E-02   1.3694939E+00
   5.3809000E-02  -9.9640773E+00   4.5974369E+00  -6.1471842E-01
   5.4639000E-02  -1.1527264E+01   3.5184487E+00  -6.1471842E-01
   5.4584000E-02  -1.2409965E+01   1.8366020E+00  -6.1471842E-01
   5.4324000E-02  -1.1854399E+01   1.8551421E+00  -2.5989307E+00
   5.6384000E-02  -8.5218365E+00  -9.2206534E-01  -4.2165588E+00
   2.3650000E-03  -3.7966126E+00  -5.0164950E+00  -4.2165588E+00
   3.0547000E-02  -6.2163991E+00  -3.6086907E+00  -5.6691024E+00
   1.4898000E-02  -4.2321869E+00  -3.6086907E+00  -5.6691024E+00
  -7.0135000E-02  -6.1234492E-01  -2.3025007E+00   5.9879729E+00
  -7.7959000E-02   1.2395865E+00  -2.3025007E+00   5.4917497E+00
  -6.8439000E-02   3.1362081E-01  -6.9868083E-01   5.4917497E+00
  -5.1975000E-02  -1.5383107E+00  -6.9868083E-01   5.4917497E+00
  -4.6752000E-02  -2.4642764E+00  -2.3025007E+00   5.4917497E+00
  -6.4114000E-02  -1.5383107E+00  -3.9063206E+00   5.4917497E+00
  -7.8031000E-02   3.1362081E-01  -3.9063206E+00   5.4917497E+00
  -6.5827000E-02   2.5952949E+00  -2.3025007E+00   4.1360414E+00
  -6.6342000E-02  -1.6035610E+00  -5.3531478E+00   4.1360414E+00
  -7.8390000E-02   3.7886927E-01  -5.3531478E+00   4.1360414E+00
  -7.5928000E-02   1.9826892E+00  -4.1879030E+00   4.1360414E+00
  -5.4860000E-02  -2.4642764E+00  -5.5101405E+00   2.2841099E+00
  -7.6769000E-02  -6.1234492E-01  -6.0063637E+00   2.2841099E+00
  -7.3209000E-02   1.2395865E+00  -5.5101405E+00   2.2841099E+00
  -7.5584000E-02  -1.6035610E+00  -5.3531478E+00   4.3217844E-01
  -3.2815000E-02   3.1942095E+00   5.1259195E-01   5.8890570E+00
  -4.7170000E-02   5.0602742E+00   5.1259195E-01   5.2827366E+00
  -3.2470000E-02   3.7708556E+00   2.2873262E+00   5.2827366E+00
  -2.4644000E-02   1.6845301E+00   1.6094381E+00   5.2827366E+00
  -5.4370000E-02   1.6845301E+00  -5.8425414E-01   5.2827366E+00
  -4.2016000E-02   3.7708556E+00  -1.2621423E+00   5.2827366E+00
  -3.2766000E-02   3.7185159E+00   3.4860777E+00   3.6953667E+00
  -2.0165000E-02   3.5694278E-01   1.5452724E+00   3.6953667E+00
  -4.7649000E-02   3.7185159E+00  -2.4608938E+00   3.6953667E+00
  -4.5317000E-02   5.5071718E+00  -1.4282133E+00   3.6953667E+00
  -3.3393000E-02   3.8796093E+00   3.9445309E+00   2.9035734E+00
  -2.7617000E-02   4.4562555E+00   5.7192652E+00   2.2972530E+00
  -3.6151000E-02   6.1925716E+00   5.8853362E+00   7.0988313E-01
  -1.4982000E-02   4.4039157E+00   6.9180166E+00   7.0988313E-01
  -3.9237000E-02   6.8989663E+00   3.9445309E+00  -1.2522137E+00
  -2.2964000E-02   6.1925716E+00   5.8853362E+00  -1.2522137E+00
  -1.0671000E-02   4.4039157E+00   6.9180166E+00  -1.2522137E+00
  -2.2009000E-02   5.7456741E+00   3.9445309E+00  -2.8395835E+00
  -1.3753000E-02   4.4562555E+00   5.7192652E+00  -2.8395835E+00
  -2.1404000E-02   5.3004697E+00   2.3116111E+00  -3.6780398E+00
  -1.7205000E-02   4.5940751E+00   4.2524164E+00  -3.6780398E+00
  -8.0100000E-03   2.8054192E+00   5.2850968E+00  -3.6780398E+00
  -1.2256000E-02   4.1471775E+00   2.3116111E+00  -5.2654097E+00
  -5.9440000E-03   2.8577589E+00   4.0863454E+00  -5.2654097E+00
   1.1050000E-03   7.7143339E-01   3.4084572E+00  -5.2654097E+00
  -1.2886000E-02   7.7143339E-01   1.2147650E+00  -5.2654097E+00
  -2.1484000E-02   2.8577589E+00   5.3687682E-01  -5.2654097E+00
  -7.1760000E-03   2.2811128E+00   2.3116111E+00  -5.8717320E+00
   2.1070000E-03  -3.5976036E-01   4.2735964E+00   5.2618778E+00
  -8.8340000E-03   1.5063044E+00   4.2735964E+00   4.6555573E+00
   1.2980000E-03   2.1688574E-01   6.0483307E+00   4.6555573E+00
   1.2941000E-02  -1.8694398E+00   5.3704425E+00   4.6555573E+00
   1.0957000E-02  -1.8694398E+00   3.1767503E+00   4.6555573E+00
  -1.0097000E-02   2.1688574E-01   2.4988622E+00   4.6555573E+00
  -1.5731000E-02   2.6595966E+00   4.2735964E+00   3.0681875E+00
  -8.3270000E-03   1.9532019E+00   6.2144017E+00   3.0681875E+00
   1.0100000E-04   1.6454600E-01   7.2470822E+00   3.0681875E+00
   1.0454000E-02  -1.8694398E+00   6.8884367E+00   3.0681875E+00
   2.7076000E-02  -3.1970271E+00   5.3062769E+00   3.0681875E+00
  -8.3000000E-04   5.7981896E-01   7.8244161E+00   1.8938834E+00
  -2.4450000E-03   2.3161351E+00   7.9904871E+00   3.0651356E-01
   5.0200000E-03   5.2747922E-01   9.0231676E+00   3.0651356E-01
   1.0805000E-02  -1.5065066E+00   8.6645222E+00   3.0651356E-01
   1.7907000E-02  -2.8340939E+00   7.0823623E+00   3.0651356E-01
   9.3300000E-04   2.3161351E+00   7.9904871E+00  -1.6555833E+00
   8.3830000E-03   5.2747922E-01   9.0231676E+00  -1.6555833E+00
   1.4185000E-02  -1.5065066E+00   8.6645222E+00  -1.6555833E+00
  -8.3400000E-04   1.8692376E+00   6.0496819E+00  -3.2429531E+00
   7.8090000E-03   5.7981896E-01   7.8244161E+00  -3.2429531E+00
   1.5259000E-02  -1.5065066E+00   7.1465279E+00  -3.2429531E+00
   7.8710000E-03   3.1728499E-03   6.0496819E+00  -3.8492755E+00
   2.1206000E-02  -3.2445650E+00   7.3968448E+00  -1.0621564E+00
   3.0945000E-02  -5.2785508E+00   7.0381994E+00  -1.0621564E+00
   4.6837000E-02  -6.6061381E+00   5.4560396E+00  -1.0621564E+00
   2.1691000E-02  -3.2445650E+00   7.3968448E+00  -3.0242532E+00
   3.0729000E-02  -5.2785508E+00   7.0381994E+00  -3.0242532E+00
   4.5562000E-02  -6.6061381E+00   5.4560396E+00  -3.0242532E+00
   2.0782000E-02  -3.1922253E+00   6.1980934E+00  -4.6116231E+00
   3.2395000E-02  -5.2785508E+00   5.5202052E+00  -4.6116231E+00
   4.0192000E-02  -5.2785508E+00   3.3265130E+00  -4.6116231E+00
   2.3270000E-02  -3.7688714E+00   4.4233591E+00  -5.2179454E+00
  -2.1040000E-03  -1.9472492E-01   1.6050066E+00  -5.1506863E+00
   1.1832000E-02  -1.4841435E+00   3.3797409E+00  -5.1506863E+00
   2.5550000E-02  -3.5704691E+00   2.7018527E+00  -5.1506863E+00
  -8.0360000E-03  -1.4841435E+00  -1.6972763E-01  -5.1506863E+00
   1.3328000E-02  -2.0607897E+00   1.6050066E+00  -5.7570087E+00
  -3.7060000E-03  -2.8658110E+00   5.3667084E-01   5.3004603E+00
  -3.9698000E-02  -9.9974631E-01   5.3667084E-01   4.6941398E+00
   9.0350000E-03  -2.2891649E+00   2.3114051E+00   4.6941398E+00
   3.2161000E-02  -5.2469792E+00   2.9405780E+00   5.2465011E+00
   2.1193000E-02  -3.3809144E+00   2.9405780E+00   4.6401806E+00
   3.0262000E-02  -4.6703331E+00   4.7153123E+00   4.6401806E+00
   4.2872000E-02  -6.7566586E+00   4.0374241E+00   4.6401806E+00
   3.2580000E-02  -4.7226728E+00   5.9140638E+00   3.0528108E+00
   4.2667000E-02  -6.7566586E+00   5.5554184E+00   3.0528108E+00
   5.9581000E-02  -8.0842459E+00   3.9732585E+00   3.0528108E+00
   3.5129000E-02  -4.7226728E+00   5.9140638E+00   1.0907139E+00
   4.5805000E-02  -6.7566586E+00   5.5554184E+00   1.0907139E+00
   5.8973000E-02  -9.4063511E+00  -4.4675125E+00  -1.5132321E+00
   4.1449000E-02  -8.0787638E+00  -6.0496724E+00  -1.5132321E+00
   2.2784000E-02  -6.0447780E+00  -6.4083178E+00  -1.5132321E+00
   4.7274000E-02  -9.4063511E+00  -4.4675125E+00  -3.4753289E+00
   3.5669000E-02  -8.0787638E+00  -6.0496724E+00  -3.4753289E+00
   2.1549000E-02  -6.0447780E+00  -6.4083178E+00  -3.4753289E+00
   4.2311000E-02  -8.0787638E+00  -2.3379860E+00  -5.0626988E+00
   3.5708000E-02  -8.0787638E+00  -4.5316782E+00  -5.0626988E+00
   2.3965000E-02  -5.9924383E+00  -5.2095664E+00  -5.0626988E+00
   3.2396000E-02  -6.5690844E+00  -3.4348321E+00  -5.6690211E+00
  -9.8000000E-05  -2.2347370E+00  -6.7142342E-01  -4.8742307E+00
   4.0190000E-02  -4.7297876E+00   2.3020623E+00  -4.8742307E+00
   5.4383000E-02  -8.0913607E+00   3.6125703E-01  -4.8742307E+00
   1.7230000E-02  -3.3880293E+00  -6.7142342E-01  -6.4616005E+00
   3.3245000E-02  -4.6774479E+00   1.1033108E+00  -6.4616005E+00
   4.0901000E-02  -6.7637734E+00   4.2542267E-01  -6.4616005E+00
   3.4063000E-02  -6.7637734E+00  -1.7682695E+00  -6.4616005E+00
   2.1883000E-02  -4.6774479E+00  -2.4461577E+00  -6.4616005E+00
   2.9611000E-02  -5.2540940E+00  -6.7142342E-01  -7.0679229E+00
  -3.2579000E-02  -2.7763042E+00  -5.5868086E+00  -9.2934456E-01
  -2.5566000E-02  -2.7763042E+00  -5.5868086E+00  -2.8914414E+00
  -1.7355000E-02  -2.7239644E+00  -4.3880571E+00  -4.4788112E+00
   3.7625000E-02  -9.4514891E+00  -4.6548411E+00   4.2486294E+00
   5.0119000E-02  -1.0779076E+01  -2.5253145E+00   2.6612595E+00
   4.3460000E-02  -1.0779076E+01  -4.5906754E+00   2.6612595E+00
   3.6716000E-02  -9.4514891E+00  -6.1728353E+00   2.6612595E+00
   2.7519000E-02  -7.4175033E+00  -6.5314807E+00   2.6612595E+00
   5.1022000E-02  -1.0779076E+01  -4.5906754E+00   6.9916271E-01
   4.2106000E-02  -9.4514891E+00  -6.1728353E+00   6.9916271E-01
   3.1852000E-02  -7.4175033E+00  -6.5314807E+00   6.9916271E-01
   5.8651000E-02  -9.4514891E+00  -4.6548411E+00  -8.8820712E-01
   6.6340000E-03  -4.6417736E+00  -3.1054793E+00   5.6846151E+00
  -4.9970000E-03  -4.0651275E+00  -4.8802136E+00   5.0782947E+00
  -4.7130000E-03  -4.1174673E+00  -6.0789650E+00   3.4909248E+00
  -5.0080000E-03  -4.1174673E+00  -6.0789650E+00   1.5288280E+00
   3.0557000E-02  -7.0535213E+00  -1.1259328E+00   7.0330423E+00
   1.8030000E-02  -5.1874566E+00  -1.1259328E+00   6.4267219E+00
   3.4766000E-02  -6.4768752E+00   6.4880151E-01   6.4267219E+00
   4.1156000E-02  -8.5632007E+00  -2.9086662E-02   6.4267219E+00
   3.5286000E-02  -8.5632007E+00  -2.2227789E+00   6.4267219E+00
   2.4874000E-02  -6.4768752E+00  -2.9006670E+00   6.4267219E+00
   3.0193000E-02  -4.7405591E+00   8.1487252E-01   4.8393520E+00
   4.9721000E-02  -6.5292149E+00   1.8475530E+00   4.8393520E+00
   5.5663000E-02  -8.5632007E+00   1.4889075E+00   4.8393520E+00
   5.0107000E-02  -9.8907880E+00  -9.3252308E-02   4.8393520E+00
   4.2584000E-02  -9.8907880E+00  -2.1586132E+00   4.8393520E+00
   5.6751000E-02  -1.1403831E+01  -1.6222844E+00   1.2637089E+00
   5.3187000E-02  -1.2731418E+01   5.0724214E-01  -3.2366093E-01
   5.2227000E-02  -1.2731418E+01  -1.5581188E+00  -3.2366093E-01
   5.7923000E-02  -1.1403831E+01  -3.1402786E+00  -3.2366093E-01
   5.1393000E-02  -1.2731418E+01   5.0724214E-01  -2.2857578E+00
   5.1435000E-02  -1.2731418E+01  -1.5581188E+00  -2.2857578E+00
   5.5069000E-02  -1.1403831E+01  -3.1402786E+00  -2.2857578E+00
   5.1166000E-02  -1.1403831E+01   5.7140779E-01  -3.8731276E+00
   5.1189000E-02  -1.1403831E+01  -1.6222844E+00  -3.8731276E+00
   5.5868000E-02  -9.3175056E+00  -2.3001726E+00  -3.8731276E+00
   5.1699000E-02  -9.8941517E+00  -5.2543831E-01  -4.4794499E+00
   5.9221000E-02  -9.3120046E+00   1.7989379E+00   4.2492738E+00
   5.6849000E-02  -8.7353585E+00   3.5736722E+00   3.6429533E+00
   5.2840000E-02  -1.0821684E+01   2.8957840E+00   3.6429533E+00
   5.5049000E-02  -1.0821684E+01   7.0209179E-01   3.6429533E+00
   5.3604000E-02  -8.7876983E+00   4.7724236E+00   2.0555835E+00
   5.0865000E-02  -1.0821684E+01   4.4137782E+00   2.0555835E+00
   5.0919000E-02  -1.2149271E+01   2.8316183E+00   2.0555835E+00
   5.2192000E-02  -1.2149271E+01   7.6625743E-01   2.0555835E+00
   5.2079000E-02  -1.0821684E+01   4.4137782E+00   9.3486634E-02
   5.3674000E-02  -1.2149271E+01   2.8316183E+00   9.3486634E-02
   5.1053000E-02  -7.6897561E+00   5.2715683E+00  -1.0981103E+00
   5.1626000E-02  -9.7237419E+00   4.9129229E+00  -1.0981103E+00
   4.9961000E-02  -7.6897561E+00   5.2715683E+00  -3.0602071E+00
   4.9459000E-02  -9.7237419E+00   4.9129229E+00  -3.0602071E+00
   5.2065000E-02  -1.1051329E+01   3.3307630E+00  -3.0602071E+00
   5.6040000E-02  -6.3479978E+00   2.2980825E+00  -4.6475770E+00
   4.9978000E-02  -7.6374164E+00   4.0728168E+00  -4.6475770E+00
   4.9428000E-02  -9.7237419E+00   3.3949286E+00  -4.6475770E+00
   5.1648000E-02  -9.7237419E+00   1.2012364E+00  -4.6475770E+00
   5.0997000E-02  -8.2140625E+00   2.2980825E+00  -5.2538993E+00
  -3.6179000E-02   1.2659879E+01   3.9127155E-01   1.7212135E+00
  -1.1904000E-02   8.6929947E+00  -5.8365453E+00  -9.7318999E-02
  -6.7450000E-03   1.2433743E+01  -4.9827426E+00  -2.1157353E+00
  -7.5850000E-03   1.3660653E+01  -3.4442467E+00  -2.1157353E+00
  -6.1820000E-03   1.2659879E+01  -3.4428162E+00  -3.9342659E+00
  -7.1560000E-03   8.6929947E+00   1.7840147E-01  -5.1927289E+00
  -1.1005000E-02   8.0562364E+00  -5.9080960E+00  -6.7605136E-01
  -6.0270000E-03   7.2130860E+00  -6.0618857E+00  -2.4901883E+00
  -5.9240000E-03   9.0272229E+00  -6.5479818E+00  -2.4901883E+00
  -5.9380000E-03   1.0841360E+01  -6.0618857E+00  -2.4901883E+00
  -5.7000000E-04   6.4851484E+00  -4.7666335E+00  -4.3043253E+00
  -2.7290000E-03   8.0562364E+00  -5.9080960E+00  -4.3043253E+00
  -2.9970000E-03   9.9982095E+00  -5.9080960E+00  -4.3043253E+00
  -4.3270000E-03   1.1569297E+01  -4.7666335E+00  -4.3043253E+00
  -4.1870000E-03   1.0841360E+01  -2.9197079E+00  -5.6323661E+00
  -5.4430000E-03   9.9342914E+00  -1.3486200E+00  -5.6323661E+00
  -4.7490000E-03   8.1201545E+00  -1.3486200E+00  -5.6323661E+00
  -1.8800000E-03   7.2130860E+00  -2.9197079E+00  -5.6323661E+00
  -1.5810000E-03   8.1201545E+00  -4.4907959E+00  -5.6323661E+00
  -2.2450000E-03   9.9342914E+00  -4.4907959E+00  -5.6323661E+00
  -2.9190000E-03   9.0272229E+00  -2.9197079E+00  -6.1184622E+00
  -2.5250000E-02   1.0839355E+01  -2.4850350E+00   3.9394230E+00
  -1.7505000E-02   1.2653492E+01  -2.4850350E+00   3.4533268E+00
  -3.5979000E-02   1.1746423E+01  -9.1394708E-01   3.4533268E+00
  -1.7364000E-02   9.9322864E+00  -4.0561230E+00   3.4533268E+00
  -1.2869000E-02   1.1746423E+01  -4.0561230E+00   3.4533268E+00
  -1.2260000E-02   1.3981533E+01  -2.4850350E+00   2.1252860E+00
  -2.3842000E-02   1.3381429E+01  -6.3810944E-01   2.1252860E+00
  -1.2305000E-02   9.8683683E+00  -5.4734231E+00   2.1252860E+00
  -8.1680000E-03   1.1810341E+01  -5.4734231E+00   2.1252860E+00
  -7.7630000E-03   1.3381429E+01  -4.3319606E+00   2.1252860E+00
  -9.9090000E-03   1.4467629E+01  -2.4850350E+00   3.1114905E-01
  -1.6607000E-02   1.3981533E+01  -6.7089808E-01   3.1114905E-01
  -8.5520000E-03   1.0839355E+01  -6.1133089E+00   3.1114905E-01
  -6.2340000E-03   1.2653492E+01  -5.6272128E+00   3.1114905E-01
  -6.5230000E-03   1.3981533E+01  -4.2991720E+00   3.1114905E-01
  -6.8030000E-03   1.3381429E+01  -4.3319606E+00  -1.5029879E+00
  -1.6361000E-02   1.4026325E+01  -1.4032349E-01  -2.4139738E-01
  -2.3439000E-02   1.3426222E+01   1.7066021E+00  -2.4139738E-01
  -3.9502000E-02   1.1855134E+01   2.8480646E+00  -2.4139738E-01
  -9.2900000E-03   1.4512421E+01  -1.4032349E-01  -2.0555343E+00
  -1.1329000E-02   1.4026325E+01   1.6738135E+00  -2.0555343E+00
  -1.6380000E-02   1.2698284E+01   3.0018543E+00  -2.0555343E+00
  -2.4123000E-02   1.0884147E+01   3.4879504E+00  -2.0555343E+00
  -5.2920000E-03   1.4026325E+01  -1.4032349E-01  -3.8696713E+00
  -6.0290000E-03   1.3426222E+01   1.7066021E+00  -3.8696713E+00
  -8.9360000E-03   1.1855134E+01   2.8480646E+00  -3.8696713E+00
  -1.1656000E-02   9.9131605E+00   2.8480646E+00  -3.8696713E+00
  -6.0500000E-03   1.3426222E+01  -1.9872491E+00  -3.8696713E+00
  -4.1180000E-03   1.2698284E+01  -1.4032349E-01  -5.1977121E+00
  -4.7340000E-03   1.1791216E+01   1.4307645E+00  -5.1977121E+00
  -6.6300000E-03   9.9770786E+00   1.4307645E+00  -5.1977121E+00
  -5.2210000E-03   1.1791216E+01  -1.7114114E+00  -5.1977121E+00
  -5.1310000E-03   1.0884147E+01  -1.4032349E-01  -5.6838082E+00
  -4.5690000E-02   6.5537493E+00  -1.8396312E+00   4.3208887E+00
  -4.4129000E-02   8.5215606E+00  -1.8396312E+00   4.3208887E+00
  -3.0235000E-02   7.0330253E+00  -3.6452399E+00   3.0624276E+00
  -2.1445000E-02   9.0106652E+00   3.0899817E+00  -2.5930518E+00
  -2.4076000E-02   7.0330253E+00   3.3743250E+00  -2.5930518E+00
  -6.5359000E-02   7.9666104E+00   1.5502481E+00   6.0097236E+00
  -6.5611000E-02   9.8032351E+00   1.5502481E+00   5.5905257E+00
  -6.7236000E-02   8.8849228E+00   3.1408115E+00   5.5905257E+00
  -6.5638000E-02   7.0482981E+00   3.1408115E+00   5.5905257E+00
  -6.2233000E-02   6.1299858E+00   1.5502481E+00   5.5905257E+00
  -6.0359000E-02   7.0482981E+00  -4.0315414E-02   5.5905257E+00
  -6.0768000E-02   8.8849228E+00  -4.0315414E-02   5.5905257E+00
  -6.3976000E-02   1.1276091E+01   1.5502481E+00   4.4159608E+00
  -6.7519000E-02   1.0644037E+01   3.4955131E+00   4.4159608E+00
  -6.6598000E-02   8.9892961E+00   4.6977530E+00   4.4159608E+00
  -6.4117000E-02   6.9439248E+00   4.6977530E+00   4.4159608E+00
  -5.9148000E-02   5.2891824E+00   3.4955131E+00   4.4159608E+00
  -4.6684000E-02   8.9892961E+00  -1.5972569E+00   4.4159608E+00
  -5.4474000E-02   1.0644037E+01  -3.9501698E-01   4.4159608E+00
  -5.8399000E-02   1.2093466E+01   1.5502481E+00   2.7186656E+00
  -6.4695000E-02   1.1620760E+01   3.4680932E+00   2.7186656E+00
  -6.5267000E-02   1.0310933E+01   4.9465845E+00   2.7186656E+00
  -6.2992000E-02   8.4640487E+00   5.6470153E+00   2.7186656E+00
  -5.8477000E-02   6.5032066E+00   5.4089249E+00   2.7186656E+00
  -5.6572000E-02   1.1620760E+01   3.4680932E+00   8.3480913E-01
  -5.9474000E-02   1.0310933E+01   4.9465845E+00   8.3480913E-01
  -5.7273000E-02   8.4640487E+00   5.6470153E+00   8.3480913E-01
  -4.3447000E-02   1.0644037E+01   3.4955131E+00  -8.6248606E-01
  -4.8307000E-02   8.9892961E+00   4.6977530E+00  -8.6248606E-01
  -4.2296000E-02   4.6652743E+00  -4.4241150E+00   2.4534520E+00
  -3.1262000E-02   6.6429141E+00  -4.1397717E+00   2.4534520E+00
  -3.7790000E-02   4.1859982E+00  -5.2251056E+00   6.3491959E-01
  -2.5612000E-02   6.1538095E+00  -5.2251056E+00   6.3491959E-01
  -1.5686000E-02   6.1538095E+00   7.8984121E-01  -4.4604903E+00
  -2.1281000E-02   4.8603072E+00  -5.8409503E+00  -1.7457156E+00
  -3.2411000E-02   3.8893206E+00  -5.2010645E+00  -3.5598526E+00
  -4.5820000E-03   5.8312938E+00  -5.2010645E+00  -3.5598526E+00
  -1.0631000E-02   5.7673757E+00  -6.4158843E-01  -4.8878934E+00
  -2.4001000E-02   3.9532387E+00  -6.4158843E-01  -4.8878934E+00
  -2.6697000E-02   3.9532387E+00  -3.7837643E+00  -4.8878934E+00
  -2.8610000E-03   5.7673757E+00  -3.7837643E+00  -4.8878934E+00
  -1.2516000E-02   4.8603072E+00  -2.2126764E+00  -5.3739895E+00
  -4.6074000E-02   4.3435862E+00  -3.0637164E+00   3.5332093E+00
  -4.8629000E-02   3.7305345E+00  -3.7529335E+00   3.2054175E+00
  -5.7611000E-02   1.7314614E+00  -6.1466626E+00   1.3868850E+00
  -4.3196000E-02   3.5043986E+00  -5.2928598E+00   1.3868850E+00
  -6.1567000E-02  -9.6108818E-01  -6.5735252E+00  -8.8177449E-01
  -6.3699000E-02   9.9975387E-01  -6.8116156E+00  -8.8177449E-01
  -5.3644000E-02   2.8466379E+00  -6.1111849E+00  -8.8177449E-01
  -5.6051000E-02  -9.6108818E-01  -6.5735252E+00  -2.7656310E+00
  -6.1000000E-02   9.9975387E-01  -6.8116156E+00  -2.7656310E+00
  -5.3055000E-02   2.8466379E+00  -6.1111849E+00  -2.7656310E+00
  -5.3361000E-02  -5.2037007E-01  -5.8623533E+00  -4.4629262E+00
  -5.6798000E-02   1.5250013E+00  -5.8623533E+00  -4.4629262E+00
  -4.5606000E-02   3.1797418E+00  -4.6601134E+00  -4.4629262E+00
  -4.8827000E-02   2.3389403E+00  -2.7148484E+00  -5.6374910E+00
  -4.5619000E-02   1.4206280E+00  -1.1242849E+00  -5.6374910E+00
  -3.6291000E-02  -4.1599672E-01  -1.1242849E+00  -5.6374910E+00
  -3.5316000E-02  -1.3343091E+00  -2.7148484E+00  -5.6374910E+00
  -4.8259000E-02  -4.1599672E-01  -4.3054119E+00  -5.6374910E+00
  -5.3124000E-02   1.4206280E+00  -4.3054119E+00  -5.6374910E+00
  -4.8001000E-02   5.0231562E-01  -2.7148484E+00  -6.0566890E+00
  -2.4107000E-02   3.2608564E+00   4.3955877E+00   3.4285374E+00
  -2.1237000E-02   5.8228259E+00   2.6914139E+00  -3.4854031E+00
  -1.0437000E-02   3.7499609E+00   5.9168530E+00  -3.4854031E+00
  -1.4318000E-02   2.8014999E+00   6.0254820E+00   2.8522863E+00
   1.5629000E-02  -2.9383198E+00   7.5654084E+00   1.0337538E+00
   1.2003000E-02  -1.6514259E+00   4.6528172E+00  -5.2113597E+00
   1.8408000E-02  -4.1602280E+00   1.6039805E+00   5.4611834E+00
   3.9120000E-03  -4.5075691E+00  -2.1984127E+00   6.2785655E+00
   2.5451000E-02  -7.4592870E+00  -3.9025865E+00   6.2785655E+00
   1.1588000E-02  -5.4914757E+00  -3.9025865E+00   6.2785655E+00
   3.6853000E-02  -9.8776204E+00  -3.1974013E+00   5.0201043E+00
   3.0899000E-02  -8.7974341E+00  -4.8782048E+00   5.0201043E+00
   2.0748000E-02  -6.9800110E+00  -5.7081951E+00   5.0201043E+00
   1.2087000E-02  -5.4914757E+00  -6.5091857E+00   1.1831556E+00
   4.9764000E-02  -7.5729503E+00   5.1976687E+00   3.9448975E-01
   4.8472000E-02  -1.2978487E+01   8.8689565E-01   3.9448975E-01
   4.7425000E-02  -1.1313697E+01   4.3438659E+00  -1.6239266E+00
   4.7209000E-02  -1.2540607E+01   2.8053700E+00  -1.6239266E+00
   4.7350000E-02  -1.1959095E+01   1.8858842E+00  -3.4424571E+00
   4.7315000E-02  -1.0524666E+01   8.8689565E-01  -4.7009202E+00
  -1.8260000E-03  -4.2403883E+00  -6.2010848E+00  -1.2231384E+00
   1.0960000E-03  -4.2403883E+00  -6.2010848E+00  -3.2415547E+00
   7.1000000E-05  -3.7512837E+00  -5.1157509E+00  -5.0600853E+00
   2.4966000E-02  -6.2081996E+00  -3.5944856E+00  -6.3185483E+00
   1.1401000E-02  -4.2403883E+00  -3.5944856E+00  -6.3185483E+00
  -5.4951000E-02  -6.1234492E-01  -2.3025007E+00   6.5170961E+00
  -6.2821000E-02   1.2242798E+00  -2.3025007E+00   6.0978982E+00
  -5.4161000E-02   3.0596742E-01  -7.1193726E-01   6.0978982E+00
  -4.0591000E-02  -1.5306573E+00  -7.1193726E-01   6.0978982E+00
  -3.6813000E-02  -2.4489696E+00  -2.3025007E+00   6.0978982E+00
  -5.0560000E-02  -1.5306573E+00  -3.8930642E+00   6.0978982E+00
  -6.2338000E-02   3.0596742E-01  -3.8930642E+00   6.0978982E+00
  -5.1651000E-02  -1.6350306E+00  -5.4500057E+00   4.9233334E+00
  -6.3517000E-02   4.1034077E-01  -5.4500057E+00   4.9233334E+00
  -6.4690000E-02   2.0650812E+00  -4.2477658E+00   4.9233334E+00
  -4.8833000E-02  -2.0757487E+00  -6.1611776E+00   3.2260382E+00
  -6.2760000E-02  -1.1490668E-01  -6.3992679E+00   3.2260382E+00
  -6.2676000E-02   1.7319773E+00  -5.6988372E+00   3.2260382E+00
  -5.2154000E-02  -2.0757487E+00  -6.1611776E+00   1.3421817E+00
  -6.6792000E-02  -1.1490668E-01  -6.3992679E+00   1.3421817E+00
  -3.3346000E-02   3.1942095E+00   5.1259195E-01   6.3425913E+00
  -4.4064000E-02   5.0083465E+00   5.1259195E-01   5.8564952E+00
  -3.5557000E-02   4.1012780E+00   2.0836799E+00   5.8564952E+00
  -2.4329000E-02   2.2871410E+00   2.0836799E+00   5.8564952E+00
  -3.6640000E-02   1.3800726E+00   5.1259195E-01   5.8564952E+00
  -4.8306000E-02   2.2871410E+00  -1.0584960E+00   5.8564952E+00
  -4.0375000E-02   4.1012780E+00  -1.0584960E+00   5.8564952E+00
  -3.8535000E-02   4.1651961E+00   3.5009801E+00   4.5284543E+00
  -1.6886000E-02   2.2232229E+00   3.5009801E+00   4.5284543E+00
  -4.5783000E-02   4.1651961E+00  -2.4757962E+00   4.5284543E+00
  -4.7520000E-02   5.7362840E+00  -1.3343336E+00   4.5284543E+00
  -3.5288000E-02   4.7866778E+00   5.5156188E+00   2.8710116E+00
  -4.6855000E-02   6.4216839E+00   5.7914565E+00   1.5429707E+00
  -2.1690000E-02   4.8505959E+00   6.9329190E+00   1.5429707E+00
  -3.8036000E-02   7.0217871E+00   5.7586678E+00  -2.7116623E-01
  -1.9829000E-02   5.6937463E+00   7.0867087E+00  -2.7116623E-01
  -9.4860000E-03   3.8796093E+00   7.5728048E+00  -2.7116623E-01
  -2.9321000E-02   7.0217871E+00   3.9445309E+00  -2.0853032E+00
  -2.1643000E-02   6.4216839E+00   5.7914565E+00  -2.0853032E+00
  -1.2345000E-02   4.8505959E+00   6.9329190E+00  -2.0853032E+00
  -1.9965000E-02   5.6937463E+00   3.9445309E+00  -3.4133440E+00
  -1.4549000E-02   4.7866778E+00   5.5156188E+00  -3.4133440E+00
  -1.7076000E-02   5.4232906E+00   2.3116111E+00  -4.5111293E+00
  -1.4283000E-02   4.8231873E+00   4.1585367E+00  -4.5111293E+00
  -8.1410000E-03   3.2520994E+00   5.2999992E+00  -4.5111293E+00
   1.4900000E-04   1.3101262E+00   5.2999992E+00  -4.5111293E+00
  -1.1465000E-02   4.0952498E+00   2.3116111E+00  -5.8391702E+00
  -6.8730000E-03   3.1881813E+00   3.8826990E+00  -5.8391702E+00
  -1.2730000E-03   1.3740443E+00   3.8826990E+00  -5.8391702E+00
  -2.5240000E-03   4.6697586E-01   2.3116111E+00  -5.8391702E+00
  -1.8520000E-02   1.3740443E+00   7.4052314E-01  -5.8391702E+00
  -1.7473000E-02   3.1881813E+00   7.4052314E-01  -5.8391702E+00
  -7.7350000E-03   2.2811128E+00   2.3116111E+00  -6.3252663E+00
  -7.2800000E-04  -3.5976036E-01   4.2735964E+00   5.7154120E+00
  -1.0597000E-02   1.4543766E+00   4.2735964E+00   5.2293159E+00
  -2.5170000E-03   5.4730811E-01   5.8446844E+00   5.2293159E+00
   6.6400000E-03  -1.2668288E+00   5.8446844E+00   5.2293159E+00
   1.1388000E-02  -2.1738973E+00   4.2735964E+00   5.2293159E+00
  -7.1900000E-04  -1.2668288E+00   2.7025085E+00   5.2293159E+00
  -1.2612000E-02   5.4730811E-01   2.7025085E+00   5.2293159E+00
  -1.9584000E-02   2.7824174E+00   4.2735964E+00   3.9012751E+00
  -1.1037000E-02   2.1823142E+00   6.1205220E+00   3.9012751E+00
  -2.0110000E-03   6.1122620E-01   7.2619845E+00   3.9012751E+00
   6.6110000E-03  -1.3307469E+00   7.2619845E+00   3.9012751E+00
   1.7391000E-02  -2.9018349E+00   6.1205220E+00   3.9012751E+00
  -6.3300000E-03   2.5452474E+00   7.8966074E+00   1.1396011E+00
   5.8800000E-04   9.7415942E-01   9.0380700E+00   1.1396011E+00
   6.5300000E-03  -9.6781372E-01   9.0380700E+00   1.1396011E+00
   1.2882000E-02  -2.5389017E+00   7.8966074E+00   1.1396011E+00
  -5.0840000E-03   3.1453506E+00   7.8638188E+00  -6.7453580E-01
   1.1870000E-03   1.8173098E+00   9.1918596E+00  -6.7453580E-01
   6.7920000E-03   3.1728499E-03   9.6779558E+00  -6.7453580E-01
   1.1894000E-02  -1.8109641E+00   9.1918596E+00  -6.7453580E-01
   1.8370000E-02  -3.1390049E+00   7.8638188E+00  -6.7453580E-01
  -1.0500000E-03   2.5452474E+00   7.8966074E+00  -2.4886728E+00
   5.4110000E-03   9.7415942E-01   9.0380700E+00  -2.4886728E+00
   1.1032000E-02  -9.6781372E-01   9.0380700E+00  -2.4886728E+00
   1.7528000E-02  -2.5389017E+00   7.8966074E+00  -2.4886728E+00
  -1.2350000E-03   1.8173098E+00   6.0496819E+00  -3.8167136E+00
   4.7550000E-03   9.1024132E-01   7.6207698E+00  -3.8167136E+00
   1.1064000E-02  -9.0389562E-01   7.6207698E+00  -3.8167136E+00
   6.7920000E-03   3.1728499E-03   6.0496819E+00  -4.3028097E+00
   2.5658000E-02  -4.7398580E+00   7.4117472E+00  -2.2906880E-01
   3.8018000E-02  -6.3109459E+00   6.2702847E+00  -2.2906880E-01
   2.0837000E-02  -3.7688714E+00   8.0516330E+00  -2.0432058E+00
   2.8361000E-02  -5.5830084E+00   7.5655369E+00  -2.0432058E+00
   4.0190000E-02  -6.9110492E+00   6.2374960E+00  -2.0432058E+00
   1.7780000E-02  -2.7978848E+00   7.4117472E+00  -3.8573427E+00
   2.4527000E-02  -4.7398580E+00   7.4117472E+00  -3.8573427E+00
   3.4416000E-02  -6.3109459E+00   6.2702847E+00  -3.8573427E+00
   1.7206000E-02  -2.8618029E+00   5.9944471E+00  -5.1853835E+00
   2.4998000E-02  -4.6759399E+00   5.9944471E+00  -5.1853835E+00
   3.3913000E-02  -5.5830084E+00   4.4233591E+00  -5.1853835E+00
   3.3788000E-02  -4.6759399E+00   2.8522711E+00  -5.1853835E+00
   2.1555000E-02  -3.7688714E+00   4.4233591E+00  -5.6714797E+00
  -2.7730000E-03  -2.4665271E-01   1.6050066E+00  -5.7244468E+00
   8.4100000E-03  -1.1537212E+00   3.1760946E+00  -5.7244468E+00
   1.8325000E-02  -2.9678581E+00   3.1760946E+00  -5.7244468E+00
  -9.0470000E-03  -1.1537212E+00   3.3918692E-02  -5.7244468E+00
   1.1027000E-02  -2.0607897E+00   1.6050066E+00  -6.2105429E+00
  -5.3020000E-03  -2.8658110E+00   5.3667084E-01   5.7539945E+00
   1.3300000E-04  -1.9587426E+00   2.1077588E+00   5.2678984E+00
   2.7801000E-02  -5.2469792E+00   2.9405780E+00   5.7000353E+00
   1.7025000E-02  -3.4328422E+00   2.9405780E+00   5.2139392E+00
   2.3924000E-02  -4.3399107E+00   4.5116660E+00   5.2139392E+00
   3.2798000E-02  -6.1540476E+00   4.5116660E+00   5.2139392E+00
   4.2106000E-02  -7.0611161E+00   2.9405780E+00   5.2139392E+00
   2.5868000E-02  -4.2759926E+00   5.9289662E+00   3.8858984E+00
   3.3629000E-02  -6.2179657E+00   5.9289662E+00   3.8858984E+00
   4.4046000E-02  -7.7890537E+00   4.7875036E+00   3.8858984E+00
   3.1306000E-02  -5.2469792E+00   6.5688519E+00   2.0717614E+00
   3.9894000E-02  -7.0611161E+00   6.0827558E+00   2.0717614E+00
   4.0324000E-02  -6.2179657E+00   5.9289662E+00   2.5762445E-01
   3.4171000E-02  -7.5400709E+00  -6.4232202E+00  -6.8014451E-01
   1.5912000E-02  -5.5980978E+00  -6.4232202E+00  -6.8014451E-01
   4.4018000E-02  -9.7112622E+00  -5.2489690E+00  -2.4942815E+00
   3.2931000E-02  -8.3832213E+00  -6.5770099E+00  -2.4942815E+00
   2.0739000E-02  -6.5690844E+00  -7.0631060E+00  -2.4942815E+00
   5.6350000E-03  -4.7549474E+00  -6.5770099E+00  -2.4942815E+00
   4.4594000E-02  -9.7112622E+00  -3.4348321E+00  -4.3084184E+00
   3.5513000E-02  -9.1111589E+00  -5.2817577E+00  -4.3084184E+00
   2.6037000E-02  -7.5400709E+00  -6.4232202E+00  -4.3084184E+00
   1.4640000E-02  -5.5980978E+00  -6.4232202E+00  -4.3084184E+00
   3.4623000E-02  -8.3832213E+00  -3.4348321E+00  -5.6364592E+00
   2.7238000E-02  -7.4761529E+00  -5.0059200E+00  -5.6364592E+00
   1.9028000E-02  -5.6620159E+00  -5.0059200E+00  -5.6364592E+00
  -1.8340000E-03  -2.1119162E+00  -6.7142342E-01  -5.7073202E+00
   3.0643000E-02  -4.2831074E+00   2.3169647E+00  -5.7073202E+00
   4.2708000E-02  -6.2250805E+00   2.3169647E+00  -5.7073202E+00
   4.6701000E-02  -7.7961685E+00   1.1755022E+00  -5.7073202E+00
   4.2319000E-02  -8.3962718E+00  -6.7142342E-01  -5.7073202E+00
   1.4390000E-02  -3.4399570E+00  -6.7142342E-01  -7.0353610E+00
   2.5311000E-02  -4.3470255E+00   8.9966453E-01  -7.0353610E+00
   3.3555000E-02  -6.1611625E+00   8.9966453E-01  -7.0353610E+00
   3.2919000E-02  -7.0682309E+00  -6.7142342E-01  -7.0353610E+00
   2.6084000E-02  -6.1611625E+00  -2.2425114E+00  -7.0353610E+00
   1.6041000E-02  -4.3470255E+00  -2.2425114E+00  -7.0353610E+00
   2.4829000E-02  -5.2540940E+00  -6.7142342E-01  -7.5214571E+00
  -4.9020000E-02  -2.3296240E+00  -5.6017110E+00  -9.6256973E-02
  -1.7300000E-02  -3.3006105E+00  -6.2415968E+00  -1.9103939E+00
  -3.2501000E-02  -2.3296240E+00  -5.6017110E+00  -3.7245309E+00
  -2.2179000E-02  -2.3935421E+00  -4.1844108E+00  -5.0525717E+00
   3.0728000E-02  -8.8488782E+00  -5.1290829E+00   4.8223880E+00
   4.0064000E-02  -1.1083987E+01  -3.5579950E+00   3.4943471E+00
   3.4498000E-02  -1.0483884E+01  -5.4049206E+00   3.4943471E+00
   2.8338000E-02  -8.9127962E+00  -6.5463831E+00   3.4943471E+00
   2.1127000E-02  -6.9708231E+00  -6.5463831E+00   3.4943471E+00
   4.6502000E-02  -1.1570084E+01  -3.5579950E+00   1.6802102E+00
   3.9768000E-02  -1.1083987E+01  -5.3721319E+00   1.6802102E+00
   3.3518000E-02  -9.7559466E+00  -6.7001728E+00   1.6802102E+00
   2.6002000E-02  -7.9418097E+00  -7.1862689E+00   1.6802102E+00
   1.6979000E-02  -6.1276727E+00  -6.7001728E+00   1.6802102E+00
   4.4848000E-02  -1.0483884E+01  -5.4049206E+00  -1.3392677E-01
   3.6799000E-02  -8.9127962E+00  -6.5463831E+00  -1.3392677E-01
   2.8407000E-02  -6.9708231E+00  -6.5463831E+00  -1.3392677E-01
  -1.2299000E-02  -3.7347052E+00  -4.6765673E+00   5.6520533E+00
  -1.3623000E-02  -3.6707871E+00  -6.0938674E+00   4.3240124E+00
  -2.0000000E-05  -4.6417736E+00  -6.7337532E+00   2.5098755E+00
  -3.3476000E-02  -2.8276367E+00  -6.2476571E+00   2.5098755E+00
  -1.4784000E-02  -3.6707871E+00  -6.0938674E+00   6.9573853E-01
   2.5115000E-02  -7.0535213E+00  -1.1259328E+00   7.4865766E+00
   1.4503000E-02  -5.2393844E+00  -1.1259328E+00   7.0004805E+00
   2.5798000E-02  -6.1464528E+00   4.4515519E-01   7.0004805E+00
   3.3630000E-02  -7.9605898E+00   4.4515519E-01   7.0004805E+00
   3.2543000E-02  -8.8676583E+00  -1.1259328E+00   7.0004805E+00
   2.6944000E-02  -7.9605898E+00  -2.6970207E+00   7.0004805E+00
   1.7915000E-02  -6.1464528E+00  -2.6970207E+00   7.0004805E+00
   1.9094000E-02  -4.5114468E+00   7.2099283E-01   5.6724396E+00
   3.5927000E-02  -6.0825347E+00   1.8624554E+00   5.6724396E+00
   4.3897000E-02  -8.0245079E+00   1.8624554E+00   5.6724396E+00
   4.3728000E-02  -9.5955958E+00   7.2099283E-01   5.6724396E+00
   3.8991000E-02  -1.0195699E+01  -1.1259328E+00   5.6724396E+00
   3.4575000E-02  -9.5955958E+00  -2.9728583E+00   5.6724396E+00
   4.7472000E-02  -1.0681795E+01  -1.1259328E+00   3.8583027E+00
   4.7433000E-02  -1.3036330E+01  -5.2543831E-01   5.0942666E-01
   4.8777000E-02  -1.2436226E+01  -2.3723639E+00   5.0942666E-01
   4.8327000E-02  -1.3036330E+01   1.2886986E+00  -1.3047103E+00
   4.5541000E-02  -1.3522426E+01  -5.2543831E-01  -1.3047103E+00
   4.6383000E-02  -1.3036330E+01  -2.3395753E+00  -1.3047103E+00
   5.0068000E-02  -1.1708289E+01  -3.6676161E+00  -1.3047103E+00
   4.7229000E-02  -1.2436226E+01   1.3214873E+00  -3.1188472E+00
   4.4839000E-02  -1.3036330E+01  -5.2543831E-01  -3.1188472E+00
   4.5773000E-02  -1.2436226E+01  -2.3723639E+00  -3.1188472E+00
   4.9386000E-02  -1.0865138E+01  -3.5138264E+00  -3.1188472E+00
   4.4830000E-02  -1.1708289E+01  -5.2543831E-01  -4.4468881E+00
   4.6002000E-02  -1.0801220E+01  -2.0965263E+00  -4.4468881E+00
   4.6783000E-02  -9.8941517E+00  -5.2543831E-01  -4.9329842E+00
   5.2877000E-02  -9.3120046E+00   1.7989379E+00   4.7028080E+00
   5.1905000E-02  -8.4049362E+00   3.3700258E+00   4.2167119E+00
   4.7259000E-02  -1.0219073E+01   3.3700258E+00   4.2167119E+00
   4.7548000E-02  -1.1126142E+01   1.7989379E+00   4.2167119E+00
   5.0086000E-02  -8.3410181E+00   4.7873260E+00   2.8886711E+00
   4.5618000E-02  -1.0282991E+01   4.7873260E+00   2.8886711E+00
   4.5063000E-02  -1.1854079E+01   3.6458635E+00   2.8886711E+00
   4.5782000E-02  -1.2454182E+01   1.7989379E+00   2.8886711E+00
   4.8543000E-02  -1.1854079E+01  -4.7987702E-02   2.8886711E+00
   4.6471000E-02  -9.3120046E+00   5.4272118E+00   1.0745341E+00
   4.5169000E-02  -1.1126142E+01   4.9411157E+00   1.0745341E+00
   4.5539000E-02  -1.2454182E+01   3.6130748E+00   1.0745341E+00
   4.6991000E-02  -1.2940279E+01   1.7989379E+00   1.0745341E+00
   4.8779000E-02  -7.2430759E+00   5.2864707E+00  -2.6502273E-01
   4.4094000E-02  -8.2140625E+00   5.9263564E+00  -2.0791597E+00
   4.4644000E-02  -1.0028199E+01   5.4402603E+00  -2.0791597E+00
   4.3842000E-02  -7.2430759E+00   5.2864707E+00  -3.8932966E+00
   4.3248000E-02  -9.1850491E+00   5.2864707E+00  -3.8932966E+00
   4.4294000E-02  -1.0756137E+01   4.1450081E+00  -3.8932966E+00
   4.7527000E-02  -1.1356240E+01   2.2980825E+00  -3.8932966E+00
   4.3764000E-02  -7.3069940E+00   3.8691705E+00  -5.2213375E+00
   4.3351000E-02  -9.1211310E+00   3.8691705E+00  -5.2213375E+00
   4.4565000E-02  -1.0028199E+01   2.2980825E+00  -5.2213375E+00
   4.7572000E-02  -9.1211310E+00   7.2699460E-01  -5.2213375E+00
   4.5100000E-02  -8.2140625E+00   2.2980825E+00  -5.7074336E+00
  -3.9022000E-02   1.2712011E+01   4.2477450E-01   2.5013150E+00
  -2.3596000E-02   1.3923955E+01   5.1950079E-01   8.4602277E-01
  -4.1168000E-02   1.2615954E+01   2.1596828E+00   8.4602277E-01
  -1.4386000E-02   8.6279654E+00  -6.1214593E+00   8.4602277E-01
  -1.0709000E-02   1.4779161E+01  -1.5257723E+00  -1.1065272E+00
  -7.5900000E-03   1.1629451E+01  -6.2396466E+00  -1.1065272E+00
  -6.4150000E-03   1.2615954E+01  -5.2112274E+00  -3.0590771E+00
  -7.1740000E-03   1.3923955E+01  -3.5710454E+00  -3.0590771E+00
  -1.1132000E-02   7.3142657E+00   1.2008528E+00  -4.7143693E+00
  -5.8120000E-03   1.2712011E+01  -3.4763191E+00  -4.7143693E+00
  -7.2750000E-03   8.7006254E+00   1.6518662E-01  -5.8204014E+00
  -8.5100000E-03   7.5797930E+00  -6.7362647E+00  -2.4901883E+00
  -7.0450000E-03   9.5192301E+00  -6.9717548E+00  -2.4901883E+00
  -6.5470000E-03   1.1345955E+01  -6.2789699E+00  -2.4901883E+00
  -5.4630000E-03   6.7123237E+00  -5.5912438E+00  -4.5310924E+00
  -4.6620000E-03   8.5241476E+00  -6.4186773E+00  -4.5310924E+00
  -4.3400000E-03   1.0495693E+01  -6.1352109E+00  -4.5310924E+00
  -5.0750000E-03   1.2001011E+01  -4.8308464E+00  -4.5310924E+00
  -4.6890000E-03   1.1068127E+01  -2.9197079E+00  -6.0251381E+00
  -5.8470000E-03   8.0067709E+00  -1.1522340E+00  -6.0251381E+00
  -4.2910000E-03   6.9863189E+00  -2.9197079E+00  -6.0251381E+00
  -3.6170000E-03   8.0067709E+00  -4.6871819E+00  -6.0251381E+00
  -3.4820000E-03   1.0047675E+01  -4.6871819E+00  -6.0251381E+00
  -4.0670000E-03   9.0272229E+00  -2.9197079E+00  -6.5719964E+00
  -2.7268000E-02   1.0839355E+01  -2.4850350E+00   4.3929572E+00
  -1.8984000E-02   1.2880259E+01  -2.4850350E+00   3.8460988E+00
  -3.8070000E-02   1.1859807E+01  -7.1756108E-01   3.8460988E+00
  -1.9309000E-02   9.8189029E+00  -4.2525090E+00   3.8460988E+00
  -1.4517000E-02   1.1859807E+01  -4.2525090E+00   3.8460988E+00
  -1.3405000E-02   1.4374305E+01  -2.4850350E+00   2.3520531E+00
  -2.3227000E-02   1.3813143E+01  -5.7389655E-01   2.3520531E+00
  -1.7885000E-02   8.5244557E+00  -5.1565709E+00   2.3520531E+00
  -1.2297000E-02   1.0336280E+01  -5.9840044E+00   2.3520531E+00
  -9.2300000E-03   1.2307825E+01  -5.7005380E+00   2.3520531E+00
  -9.3820000E-03   1.3813143E+01  -4.3961735E+00   2.3520531E+00
  -1.0512000E-02   1.4921163E+01  -2.4850350E+00   3.1114905E-01
  -8.6310000E-03   1.1331362E+01  -6.5370819E+00   3.1114905E-01
  -7.0770000E-03   1.3158086E+01  -5.8442970E+00   3.1114905E-01
  -7.6140000E-03   1.4453616E+01  -4.3819458E+00   3.1114905E-01
  -2.3295000E-02   1.3857935E+01   1.7708150E+00  -1.4630259E-02
  -3.7146000E-02   1.2352617E+01   3.0751794E+00  -1.4630259E-02
  -9.9020000E-03   1.4965955E+01  -1.4032349E-01  -2.0555343E+00
  -1.2118000E-02   1.4498409E+01   1.7565872E+00  -2.0555343E+00
  -1.6623000E-02   1.3202879E+01   3.2189385E+00  -2.0555343E+00
  -2.3715000E-02   1.1376154E+01   3.9117233E+00  -2.0555343E+00
  -6.2090000E-03   1.4419097E+01  -1.4032349E-01  -4.0964384E+00
  -7.1550000E-03   1.3857935E+01   1.7708150E+00  -4.0964384E+00
  -9.6310000E-03   1.2352617E+01   3.0751794E+00  -4.0964384E+00
  -1.2418000E-02   1.0381072E+01   3.3586459E+00  -4.0964384E+00
  -1.2342000E-02   8.5692478E+00   2.5312124E+00  -4.0964384E+00
  -6.3280000E-03   1.3857935E+01  -2.0514620E+00  -4.0964384E+00
  -4.9620000E-03   1.2925051E+01  -1.4032349E-01  -5.5904841E+00
  -5.8300000E-03   1.1904599E+01   1.6271505E+00  -5.5904841E+00
  -7.4100000E-03   9.8636950E+00   1.6271505E+00  -5.5904841E+00
  -5.5870000E-03   1.0884147E+01  -1.4032349E-01  -6.1373425E+00
  -4.4949000E-02   6.5613800E+00  -1.8264164E+00   4.9485612E+00
  -3.1960000E-02   7.0242060E+00  -3.7065785E+00   3.8425291E+00
  -1.9703000E-02   7.0242060E+00   3.4356636E+00  -3.3731552E+00
  -5.5487000E-02   7.9666104E+00   1.5502481E+00   6.5388469E+00
  -5.5515000E-02   1.0032812E+01   1.5502481E+00   6.0672506E+00
  -5.6980000E-02   8.9997104E+00   3.3396315E+00   6.0672506E+00
  -5.5204000E-02   6.9335086E+00   3.3396315E+00   6.0672506E+00
  -5.2522000E-02   5.9004086E+00   1.5502481E+00   6.0672506E+00
  -5.1850000E-02   6.9335086E+00  -2.3913538E-01   6.0672506E+00
  -5.1658000E-02   8.9997104E+00  -2.3913538E-01   6.0672506E+00
  -5.3534000E-02   1.1689777E+01   1.5502481E+00   4.7458635E+00
  -5.6809000E-02   1.1098739E+01   3.5631445E+00   4.7458635E+00
  -5.6556000E-02   9.5132699E+00   4.9369602E+00   4.7458635E+00
  -5.4366000E-02   7.4367483E+00   5.2355180E+00   4.7458635E+00
  -5.0436000E-02   5.5284539E+00   4.3640293E+00   4.7458635E+00
  -4.0434000E-02   9.5132699E+00  -1.8364641E+00   4.7458635E+00
  -4.6319000E-02   1.1098739E+01  -4.6264839E-01   4.7458635E+00
  -4.8215000E-02   1.2609323E+01   1.5502481E+00   2.8364069E+00
  -5.3657000E-02   1.2149551E+01   3.5646468E+00   2.8364069E+00
  -5.4849000E-02   1.0861295E+01   5.1800677E+00   2.8364069E+00
  -5.3309000E-02   8.9997104E+00   6.0765594E+00   2.8364069E+00
  -4.9485000E-02   6.9335086E+00   6.0765594E+00   2.8364069E+00
  -4.6063000E-02   1.2149551E+01   3.5646468E+00   7.1706786E-01
  -4.9272000E-02   1.0861295E+01   5.1800677E+00   7.1706786E-01
  -4.8147000E-02   8.9997104E+00   6.0765594E+00   7.1706786E-01
  -3.9657000E-02   9.5132699E+00   4.9369602E+00  -1.1923888E+00
  -4.1515000E-02   4.6564549E+00  -4.4854536E+00   3.2335536E+00
  -3.1557000E-02   6.6686559E+00  -4.1961422E+00   3.2335536E+00
  -3.9402000E-02   4.1209689E+00  -5.5100196E+00   1.5782614E+00
  -2.7737000E-02   6.2188407E+00  -5.5100196E+00   1.5782614E+00
  -1.3535000E-02   6.1461807E+00   7.7662636E-01  -5.0881628E+00
  -1.8734000E-02   5.3523144E+00  -6.2647232E+00  -1.7457156E+00
  -2.4480000E-02   4.3572319E+00  -5.7116458E+00  -3.7866197E+00
  -2.3213000E-02   3.8398552E+00  -4.4520244E-01  -5.2806654E+00
  -2.8134000E-02   3.8398552E+00  -3.9801503E+00  -5.2806654E+00
  -5.7940000E-03   5.8807592E+00  -3.9801503E+00  -5.2806654E+00
  -1.4129000E-02   4.8603072E+00  -2.2126764E+00  -5.8275238E+00
  -4.5152000E-02   4.3693281E+00  -3.1200869E+00   4.3133109E+00
  -4.8861000E-02   3.7826664E+00  -3.7864364E+00   3.9855190E+00
  -5.3602000E-02   1.7964926E+00  -6.4315766E+00   2.3302268E+00
  -4.2959000E-02   3.6866097E+00  -5.5213447E+00   2.3302268E+00
  -5.7311000E-02   7.4755670E-01  -6.9381498E+00   3.7767686E-01
  -4.7371000E-02   2.7001066E+00  -6.5497638E+00   3.7767686E-01
  -5.2273000E-02  -5.3078624E-01  -7.2411598E+00  -7.6403322E-01
  -5.2403000E-02   1.5354156E+00  -7.2411598E+00  -7.6403322E-01
  -4.3016000E-02   3.3969998E+00  -6.3446681E+00  -7.6403322E-01
  -4.7037000E-02  -5.3078624E-01  -7.2411598E+00  -2.8833723E+00
  -4.9265000E-02   1.5354156E+00  -7.2411598E+00  -2.8833723E+00
  -4.0496000E-02   3.3969998E+00  -6.3446681E+00  -2.8833723E+00
  -3.1342000E-02  -1.9358410E+00  -5.5286296E+00  -4.7928289E+00
  -4.4333000E-02  -2.7546536E-02  -6.4001183E+00  -4.7928289E+00
  -4.4916000E-02   2.0489751E+00  -6.1015605E+00  -4.7928289E+00
  -3.3508000E-02   3.6344439E+00  -4.7277448E+00  -4.7928289E+00
  -3.7861000E-02   2.5685175E+00  -2.7148484E+00  -6.1142141E+00
  -3.4442000E-02   1.5354156E+00  -9.2546496E-01  -6.1142141E+00
  -2.5040000E-02  -5.3078624E-01  -9.2546496E-01  -6.1142141E+00
  -2.4148000E-02  -1.5638862E+00  -2.7148484E+00  -6.1142141E+00
  -3.7190000E-02  -5.3078624E-01  -4.5042318E+00  -6.1142141E+00
  -4.2131000E-02   1.5354156E+00  -4.5042318E+00  -6.1142141E+00
  -3.6900000E-02   5.0231562E-01  -2.7148484E+00  -6.5858122E+00
  -2.4630000E-02   3.2532275E+00   4.3823728E+00   4.0562099E+00
  -1.4952000E-02   5.3120613E+00   4.6419607E+00  -4.2655065E+00
  -8.7940000E-03   3.7757028E+00   5.9732235E+00  -4.2655065E+00
  -9.2910000E-03   2.7575751E+00   7.7938933E+00   1.9770956E+00
   1.5015000E-02  -3.1205310E+00   7.7938933E+00   1.9770956E+00
   2.8030000E-03   7.9479796E-01   5.7993971E+00  -4.6893286E+00
   1.0723000E-02  -1.1365795E+00   6.2304530E+00  -4.7330002E+00
   1.0983000E-02  -1.6590547E+00   4.6396023E+00  -5.8390322E+00
   2.9324000E-02  -4.5878805E+00   2.9486434E+00  -5.8390322E+00
   1.5043000E-02  -4.1602280E+00   1.6039805E+00   6.0281012E+00
   1.3425000E-02  -3.1839521E+00   3.2949395E+00   5.6397152E+00
   2.5820000E-03  -4.5228305E+00  -2.1984127E+00   6.9062380E+00
   2.0748000E-02  -7.4516563E+00  -3.8893717E+00   6.9062380E+00
   8.4810000E-03  -5.4991045E+00  -3.8893717E+00   6.9062380E+00
   2.5386000E-02  -8.8380160E+00  -4.9250379E+00   5.8002059E+00
   1.6184000E-02  -6.9888303E+00  -5.7695338E+00   5.8002059E+00
   3.9805000E-02  -1.1189255E+01  -2.1984127E+00   4.1449136E+00
   1.9605000E-02  -7.5243163E+00  -6.7940997E+00   4.1449136E+00
   6.0260000E-03  -5.4264446E+00  -6.7940997E+00   4.1449136E+00
   1.0240000E-02  -5.4264446E+00  -6.7940997E+00   2.3981379E-01
   4.2255000E-02  -1.0509405E+01   5.6007699E+00  -6.1471842E-01
   4.2260000E-02  -1.2164697E+01   4.4947378E+00  -6.1471842E-01
   4.2338000E-02  -1.3270729E+01   2.8394456E+00  -6.1471842E-01
   4.1855000E-02  -1.2803908E+01   2.9321688E+00  -2.5672683E+00
   4.2096000E-02  -1.2018555E+01   1.9033434E+00  -4.2225606E+00
   4.2321000E-02  -1.0509405E+01   8.8689565E-01  -5.3285927E+00
  -5.2000000E-03  -4.1753571E+00  -6.4859988E+00  -2.7979661E-01
  -2.9100000E-04  -4.1753571E+00  -6.4859988E+00  -4.1848965E+00
  -4.9800000E-04  -3.7255419E+00  -5.1721214E+00  -5.8401887E+00
  -1.9456000E-02  -2.1891833E+00  -3.8408586E+00  -5.8401887E+00
   2.1137000E-02  -6.2005689E+00  -3.5812707E+00  -6.9462208E+00
   9.3910000E-03  -4.2480171E+00  -3.5812707E+00  -6.9462208E+00
  -4.3977000E-02  -6.1234492E-01  -2.3025007E+00   7.0462194E+00
  -5.2127000E-02   1.4538569E+00  -2.3025007E+00   6.5746232E+00
  -4.3478000E-02   4.2075505E-01  -5.1311730E-01   6.5746232E+00
  -3.0121000E-02  -1.6454468E+00  -5.1311730E-01   6.5746232E+00
  -2.6576000E-02  -2.6785467E+00  -2.3025007E+00   6.5746232E+00
  -3.9911000E-02  -1.6454468E+00  -4.0918842E+00   6.5746232E+00
  -5.1321000E-02   4.2075505E-01  -4.0918842E+00   6.5746232E+00
  -4.5393000E-02  -1.1422071E+00  -5.9877706E+00   5.2532360E+00
  -5.3541000E-02   9.3431454E-01  -5.6892128E+00   5.2532360E+00
  -5.4709000E-02   2.5197833E+00  -4.3153972E+00   5.2532360E+00
  -4.3608000E-02  -1.6454468E+00  -6.8288121E+00   3.3437794E+00
  -5.3127000E-02   4.2075505E-01  -6.8288121E+00   3.3437794E+00
  -5.3080000E-02   2.2823392E+00  -5.9323204E+00   3.3437794E+00
  -4.7642000E-02  -1.6454468E+00  -6.8288121E+00   1.2244404E+00
  -3.2650000E-02   3.1942095E+00   5.1259195E-01   6.7961255E+00
  -4.3627000E-02   5.2351136E+00   5.1259195E-01   6.2492672E+00
  -3.5091000E-02   4.2146615E+00   2.2800659E+00   6.2492672E+00
  -2.3372000E-02   2.1737575E+00   2.2800659E+00   6.2492672E+00
  -3.4952000E-02   1.1533054E+00   5.1259195E-01   6.2492672E+00
  -4.7104000E-02   2.1737575E+00  -1.2548820E+00   6.2492672E+00
  -3.9602000E-02   4.2146615E+00  -1.2548820E+00   6.2492672E+00
  -4.3806000E-02   4.6626797E+00   3.7280949E+00   4.7552214E+00
  -4.3329000E-02   4.6626797E+00  -2.7029110E+00   4.7552214E+00
  -3.5200000E-02   4.9000614E+00   5.7120048E+00   3.2637835E+00
  -2.4794000E-02   5.3480795E+00   7.1600338E+00   1.7697378E+00
  -1.2359000E-02   3.3765341E+00   7.4435003E+00   1.7697378E+00
  -4.0406000E-02   7.4938709E+00   5.8414416E+00  -2.7116623E-01
  -2.1994000E-02   6.1983409E+00   7.3037928E+00  -2.7116623E-01
  -1.1347000E-02   4.3716165E+00   7.9965777E+00  -2.7116623E-01
  -2.2105000E-02   6.8533974E+00   5.8556694E+00  -2.3120703E+00
  -1.3399000E-02   5.3480795E+00   7.1600338E+00  -2.3120703E+00
  -1.5794000E-02   5.8160626E+00   2.3116111E+00  -4.7378964E+00
  -1.3860000E-02   5.2549009E+00   4.2227496E+00  -4.7378964E+00
  -8.6690000E-03   3.7495830E+00   5.5271140E+00  -4.7378964E+00
  -1.2710000E-03   1.7780375E+00   5.8105805E+00  -4.7378964E+00
  -1.1081000E-02   4.3220169E+00   2.3116111E+00  -6.2319421E+00
  -6.5580000E-03   3.3015648E+00   4.0790850E+00  -6.2319421E+00
  -8.5100000E-04   1.2606608E+00   4.0790850E+00  -6.2319421E+00
  -1.8130000E-03   2.4020874E-01   2.3116111E+00  -6.2319421E+00
  -1.8240000E-02   1.2606608E+00   5.4413715E-01  -6.2319421E+00
  -1.7088000E-02   3.3015648E+00   5.4413715E-01  -6.2319421E+00
  -7.5670000E-03   2.2811128E+00   2.3116111E+00  -6.7788005E+00
  -2.5580000E-03  -3.5976036E-01   4.2735964E+00   6.1689462E+00
  -1.3071000E-02   1.6811437E+00   4.2735964E+00   5.6220879E+00
  -4.0800000E-03   6.6069167E-01   6.0410704E+00   5.6220879E+00
   5.5160000E-03  -1.3802124E+00   6.0410704E+00   5.6220879E+00
   1.0381000E-02  -2.4006644E+00   4.2735964E+00   5.6220879E+00
  -3.1750000E-03  -1.3802124E+00   2.5061225E+00   5.6220879E+00
  -1.5734000E-02   6.6069167E-01   2.5061225E+00   5.6220879E+00
  -1.4108000E-02   2.6140277E+00   6.1847349E+00   4.1280422E+00
  -4.4490000E-03   1.1087098E+00   7.4890994E+00   4.1280422E+00
   3.7040000E-03  -8.6283566E-01   7.7725658E+00   4.1280422E+00
   1.2895000E-02  -2.6746596E+00   6.9451323E+00   4.1280422E+00
  -8.7040000E-03   2.9769609E+00   7.9608203E+00   1.3663683E+00
  -1.5980000E-03   1.4716430E+00   9.2651848E+00   1.3663683E+00
   4.4680000E-03  -4.9990244E-01   9.5486512E+00   1.3663683E+00
   1.0620000E-02  -2.3117264E+00   8.7212177E+00   1.3663683E+00
  -1.2090000E-03   2.3219044E+00   9.4089438E+00  -6.7453580E-01
   4.3640000E-03   4.9518002E-01   1.0101729E+01  -6.7453580E-01
   9.4790000E-03  -1.4442571E+00   9.8662386E+00  -6.7453580E-01
   1.5575000E-02  -3.0521040E+00   8.7564214E+00  -6.7453580E-01
  -3.1000000E-03   2.9769609E+00   7.9608203E+00  -2.7154399E+00
   2.9490000E-03   1.4716430E+00   9.2651848E+00  -2.7154399E+00
   8.3840000E-03  -4.9990244E-01   9.5486512E+00  -2.7154399E+00
   1.4297000E-02  -2.3117264E+00   8.7212177E+00  -2.7154399E+00
   3.7250000E-03   1.0236249E+00   7.8171558E+00  -4.2094856E+00
   1.0376000E-02  -1.0172792E+00   7.8171558E+00  -4.2094856E+00
   6.1690000E-03   3.1728499E-03   6.0496819E+00  -4.7563439E+00
   2.1437000E-02  -4.2719467E+00   7.9223285E+00  -2.3016863E-03
   3.1522000E-02  -6.0837706E+00   7.0948950E+00  -2.3016863E-03
   1.7696000E-02  -3.2768642E+00   8.4754059E+00  -2.0432058E+00
   2.3728000E-02  -5.2163014E+00   8.2399158E+00  -2.0432058E+00
   3.2999000E-02  -6.8241483E+00   7.1300987E+00  -2.0432058E+00
   1.4910000E-02  -2.3004012E+00   7.6388620E+00  -4.0841098E+00
   2.0361000E-02  -4.2719467E+00   7.9223285E+00  -4.0841098E+00
   2.8165000E-02  -6.0837706E+00   7.0948950E+00  -4.0841098E+00
   1.5451000E-02  -2.7484194E+00   6.1908330E+00  -5.5781555E+00
   2.3086000E-02  -4.7893234E+00   6.1908330E+00  -5.5781555E+00
   3.2499000E-02  -5.8097755E+00   4.4233591E+00  -5.5781555E+00
   2.0160000E-02  -3.7688714E+00   4.4233591E+00  -6.1250139E+00
  -4.3280000E-03  -1.9885587E-02   1.6050066E+00  -6.1172188E+00
   7.2390000E-03  -1.0403376E+00   3.3724806E+00  -6.1172188E+00
  -1.0989000E-02  -1.0403376E+00  -1.6246730E-01  -6.1172188E+00
   9.5420000E-03  -2.0607897E+00   1.6050066E+00  -6.6640771E+00
  -5.7680000E-03  -2.8658110E+00   5.3667084E-01   6.2075288E+00
  -1.1370000E-03  -1.8453590E+00   2.3041448E+00   5.6606704E+00
   2.4276000E-02  -5.2469792E+00   2.9405780E+00   6.1535695E+00
   2.0290000E-02  -4.2265271E+00   4.7080520E+00   5.6067112E+00
   2.9130000E-02  -6.2674312E+00   4.7080520E+00   5.6067112E+00
   3.8560000E-02  -7.2878832E+00   2.9405780E+00   5.6067112E+00
   2.1013000E-02  -3.7785090E+00   6.1560810E+00   4.1126655E+00
   2.7678000E-02  -5.7500545E+00   6.4395474E+00   4.1126655E+00
   3.6057000E-02  -7.5618784E+00   5.6121139E+00   4.1126655E+00
   2.6176000E-02  -4.7549720E+00   6.9926249E+00   2.0717614E+00
   3.3599000E-02  -6.6944091E+00   6.7571348E+00   2.0717614E+00
   4.3873000E-02  -8.3022560E+00   5.6473176E+00   2.0717614E+00
   2.5282000E-02  -7.0721597E+00  -6.9338015E+00  -4.5337739E-01
   4.7336000E-02  -1.0532282E+01  -4.4116730E+00  -2.4942815E+00
   3.5772000E-02  -9.6243612E+00  -6.1415717E+00  -2.4942815E+00
   2.5539000E-02  -8.0165143E+00  -7.2513888E+00  -2.4942815E+00
   1.3689000E-02  -6.0770772E+00  -7.4868789E+00  -2.4942815E+00
   3.6980000E-02  -9.9608440E+00  -4.4307423E+00  -4.5351855E+00
   2.8559000E-02  -8.8839836E+00  -6.1063680E+00  -4.5351855E+00
   1.9476000E-02  -7.0721597E+00  -6.9338015E+00  -4.5351855E+00
   8.3960000E-03  -5.1006142E+00  -6.6503350E+00  -4.5351855E+00
   3.1824000E-02  -8.6099884E+00  -3.4348321E+00  -6.0292312E+00
   2.3923000E-02  -7.5895364E+00  -5.2023060E+00  -6.0292312E+00
   3.6156000E-02  -5.7571693E+00   2.8275460E+00  -5.9340873E+00
   4.1929000E-02  -8.6458536E+00   3.2448674E-01  -5.9340873E+00
   1.0556000E-02  -3.2131899E+00  -6.7142342E-01  -7.4281330E+00
   2.1534000E-02  -4.2336419E+00   1.0960505E+00  -7.4281330E+00
   2.9948000E-02  -6.2745460E+00   1.0960505E+00  -7.4281330E+00
   2.9781000E-02  -7.2949981E+00  -6.7142342E-01  -7.4281330E+00
   2.3005000E-02  -6.2745460E+00  -2.4388974E+00  -7.4281330E+00
   1.2420000E-02  -4.2336419E+00  -2.4388974E+00  -7.4281330E+00
   2.1331000E-02  -5.2540940E+00  -6.7142342E-01  -7.9749914E+00
  -2.5719000E-02  -2.8086034E+00  -6.6653697E+00  -1.9103939E+00
   4.0337000E-02  -1.1333569E+01  -2.5620848E+00   3.7211142E+00
   3.3968000E-02  -1.1333569E+01  -4.5539052E+00   3.7211142E+00
   2.8583000E-02  -1.0256709E+01  -6.2295309E+00   3.7211142E+00
   2.2456000E-02  -8.4448850E+00  -7.0569644E+00   3.7211142E+00
   4.7248000E-02  -1.1905007E+01  -2.5811541E+00   1.6802102E+00
   3.9359000E-02  -1.1905007E+01  -4.5348359E+00   1.6802102E+00
   3.3321000E-02  -1.0997087E+01  -6.2647346E+00   1.6802102E+00
   2.7275000E-02  -9.3892396E+00  -7.3745517E+00   1.6802102E+00
   1.9834000E-02  -7.4498025E+00  -7.6100418E+00   1.6802102E+00
   4.6273000E-02  -1.1333569E+01  -4.5539052E+00  -3.6069389E-01
   3.7484000E-02  -1.0256709E+01  -6.2295309E+00  -3.6069389E-01
   3.0251000E-02  -8.4448850E+00  -7.0569644E+00  -3.6069389E-01
  -1.3789000E-02  -3.6213216E+00  -4.8729533E+00   6.0448253E+00
   3.4770000E-03  -5.1448489E+00  -6.6044487E+00   4.5507795E+00
  -2.1127000E-02  -3.1733035E+00  -6.3209823E+00   4.5507795E+00
  -7.7260000E-03  -4.1497665E+00  -7.1575262E+00   2.5098755E+00
  -2.4826000E-02  -3.1733035E+00  -6.3209823E+00   4.6897141E-01
   2.1062000E-02  -7.0535213E+00  -1.1259328E+00   7.9401108E+00
   9.9780000E-03  -5.0126172E+00  -1.1259328E+00   7.3932525E+00
   2.1536000E-02  -6.0330693E+00   6.4154119E-01   7.3932525E+00
   2.9472000E-02  -8.0739733E+00   6.4154119E-01   7.3932525E+00
   2.8676000E-02  -9.0944254E+00  -1.1259328E+00   7.3932525E+00
   2.3167000E-02  -8.0739733E+00  -2.8934067E+00   7.3932525E+00
   1.3741000E-02  -6.0330693E+00  -2.8934067E+00   7.3932525E+00
   3.8543000E-02  -7.5565966E+00   2.3730366E+00   5.8992068E+00
   4.0616000E-02  -9.3684205E+00   1.5456031E+00   5.8992068E+00
   3.7695000E-02  -1.0445281E+01  -1.3002260E-01   5.8992068E+00
   3.3508000E-02  -1.0445281E+01  -2.1218429E+00   5.8992068E+00
   4.3163000E-02  -1.3285911E+01  -1.5213485E+00   7.3619378E-01
   4.6261000E-02  -1.2209051E+01  -3.1969742E+00   7.3619378E-01
   4.1953000E-02  -1.3857349E+01   4.5140263E-01  -1.3047103E+00
   4.1057000E-02  -1.3857349E+01  -1.5022792E+00  -1.3047103E+00
   4.2506000E-02  -1.2949429E+01  -3.2321779E+00  -1.3047103E+00
   4.6933000E-02  -1.1341582E+01  -4.3419951E+00  -1.3047103E+00
   4.1031000E-02  -1.3285911E+01   4.7047185E-01  -3.3456144E+00
   4.0310000E-02  -1.3285911E+01  -1.5213485E+00  -3.3456144E+00
   4.1688000E-02  -1.2209051E+01  -3.1969742E+00  -3.3456144E+00
   4.0513000E-02  -1.1935056E+01  -5.2543831E-01  -4.8396601E+00
   4.1317000E-02  -1.0914604E+01  -2.2929123E+00  -4.8396601E+00
   4.2761000E-02  -9.8941517E+00  -5.2543831E-01  -5.3865184E+00
   4.2066000E-02  -1.0332457E+01   3.5664118E+00   4.6094839E+00
   4.2632000E-02  -1.1352909E+01   1.7989379E+00   4.6094839E+00
   4.1316000E-02  -9.8150799E+00   5.2979073E+00   3.1154382E+00
   4.0286000E-02  -1.1626904E+01   4.4704737E+00   3.1154382E+00
   4.0688000E-02  -1.2703764E+01   2.7948480E+00   3.1154382E+00
   4.2373000E-02  -1.2703764E+01   8.0302772E-01   3.1154382E+00
   4.6577000E-02  -1.1626904E+01  -8.7259798E-01   3.1154382E+00
   4.3026000E-02  -8.8199975E+00   5.8509847E+00   1.0745341E+00
   4.1011000E-02  -1.0759435E+01   5.6154946E+00   1.0745341E+00
   4.0911000E-02  -1.2367281E+01   4.5056775E+00   1.0745341E+00
   4.1893000E-02  -1.3275202E+01   2.7757788E+00   1.0745341E+00
   3.9851000E-02  -7.7220553E+00   6.3501294E+00  -2.0791597E+00
   3.9955000E-02  -9.6614925E+00   6.1146393E+00  -2.0791597E+00
   4.2065000E-02  -1.1269339E+01   5.0048221E+00  -2.0791597E+00
   3.8459000E-02  -8.7171378E+00   5.7970519E+00  -4.1200637E+00
   3.9235000E-02  -1.0528962E+01   4.9696184E+00  -4.1200637E+00
   4.1511000E-02  -1.1605822E+01   3.2939927E+00  -4.1200637E+00
   3.8647000E-02  -7.1936105E+00   4.0655565E+00  -5.6141095E+00
   3.8620000E-02  -9.2345145E+00   4.0655565E+00  -5.6141095E+00
   4.0342000E-02  -1.0254967E+01   2.2980825E+00  -5.6141095E+00
   4.0379000E-02  -8.2140625E+00   2.2980825E+00  -6.1609678E+00
  -2.5079000E-02   1.4162092E+01   4.7116349E-01   1.7280618E+00
  -2.1926000E-02   7.2220754E+00  -5.7776558E+00   1.7280618E+00
  -1.2050000E-02   1.5259951E+01  -1.5257723E+00  -1.2208386E-01
  -1.3708000E-02   8.1490276E+00  -6.8956933E+00  -1.2208386E-01
  -1.0210000E-02   1.0192041E+01  -7.0850060E+00  -1.2208386E-01
  -9.1410000E-03   1.5259951E+01  -1.5257723E+00  -2.0909686E+00
  -7.1020000E-03   1.2165481E+01  -6.5235136E+00  -2.0909686E+00
  -7.0410000E-03   1.3802825E+01  -5.2870489E+00  -2.0909686E+00
  -7.8580000E-03   1.4882941E+01  -3.5426032E+00  -2.0909686E+00
  -6.1110000E-03   1.2962099E+01  -5.1743551E+00  -3.9411161E+00
  -6.6810000E-03   1.4162092E+01  -3.5227081E+00  -3.9411161E+00
  -1.0553000E-02   7.2905383E+00   1.2282369E+00  -5.4493688E+00
  -5.5630000E-03   1.2742494E+01  -3.4959099E+00  -5.4493688E+00
  -5.3990000E-03   1.1615874E+01  -1.5257723E+00  -6.4338121E+00
  -7.2090000E-03   8.7074152E+00   1.5342685E-01  -6.4338121E+00
  -5.5250000E-03   9.6769013E+00  -1.5257723E+00  -6.7757051E+00
  -1.1086000E-02   8.0433163E+00  -7.2304809E+00  -1.4809801E+00
  -8.7530000E-03   1.0011128E+01  -7.2304809E+00  -1.4809801E+00
  -1.0339000E-02   6.2703811E+00  -6.3766781E+00  -3.4993965E+00
  -7.8990000E-03   8.0433163E+00  -7.2304809E+00  -3.4993965E+00
  -6.4010000E-03   1.0011128E+01  -7.2304809E+00  -3.4993965E+00
  -6.0290000E-03   1.1784065E+01  -6.3766781E+00  -3.4993965E+00
  -7.1710000E-03   6.7051692E+00  -5.5995000E+00  -5.3179270E+00
  -5.4160000E-03   8.5225924E+00  -6.4294903E+00  -5.3179270E+00
  -4.7060000E-03   1.0500232E+01  -6.1451470E+00  -5.3179270E+00
  -5.0400000E-03   1.2010201E+01  -4.8367518E+00  -5.3179270E+00
  -4.8730000E-03   1.0995034E+01  -2.9197079E+00  -6.5763901E+00
  -6.2710000E-03   8.0433163E+00  -1.2155341E+00  -6.5763901E+00
  -5.8970000E-03   7.0594116E+00  -2.9197079E+00  -6.5763901E+00
  -4.8920000E-03   8.0433163E+00  -4.6238817E+00  -6.5763901E+00
  -4.2600000E-03   1.0011128E+01  -4.6238817E+00  -6.5763901E+00
  -4.8060000E-03   9.0272229E+00  -2.9197079E+00  -7.0255307E+00
  -2.8271000E-02   1.0839355E+01  -2.4850350E+00   4.8464914E+00
  -2.0753000E-02   1.2807166E+01  -2.4850350E+00   4.3973508E+00
  -2.1316000E-02   9.8554483E+00  -4.1892088E+00   4.3973508E+00
  -1.6680000E-02   1.1823260E+01  -4.1892088E+00   4.3973508E+00
  -1.5286000E-02   1.4385229E+01  -2.4850350E+00   3.1388897E+00
  -2.4853000E-02   1.3822333E+01  -5.6799116E-01   3.1388897E+00
  -2.0078000E-02   8.5173012E+00  -5.1648271E+00   3.1388897E+00
  -1.4131000E-02   1.0334724E+01  -5.9948174E+00   3.1388897E+00
  -1.1203000E-02   1.2312364E+01  -5.7104741E+00   3.1388897E+00
  -1.1413000E-02   1.3822333E+01  -4.4020789E+00   3.1388897E+00
  -1.1887000E-02   1.5260987E+01  -2.4850350E+00   1.3203572E+00
  -1.7761000E-02   1.4823107E+01  -5.6656064E-01   1.3203572E+00
  -1.2329000E-02   9.8554483E+00  -6.7958080E+00   1.3203572E+00
  -9.3460000E-03   1.1823260E+01  -6.7958080E+00   1.3203572E+00
  -8.1970000E-03   1.3596197E+01  -5.9420053E+00   1.3203572E+00
  -8.9610000E-03   1.4823107E+01  -4.4035094E+00   1.3203572E+00
  -9.7990000E-03   1.5260987E+01  -2.4850350E+00  -6.9805911E-01
  -8.0360000E-03   1.1823260E+01  -6.7958080E+00  -6.9805911E-01
  -7.2440000E-03   1.3596197E+01  -5.9420053E+00  -6.9805911E-01
  -7.8020000E-03   1.4823107E+01  -4.4035094E+00  -6.9805911E-01
  -1.2420000E-02   1.5305779E+01  -1.4032349E-01  -1.0463262E+00
  -1.5653000E-02   1.4867899E+01   1.7781509E+00  -1.0463262E+00
  -2.1247000E-02   1.3640989E+01   3.3166467E+00  -1.0463262E+00
  -3.0664000E-02   1.1868052E+01   4.1704495E+00  -1.0463262E+00
  -8.3700000E-03   1.5305779E+01  -1.4032349E-01  -3.0647425E+00
  -9.8390000E-03   1.4867899E+01   1.7781509E+00  -3.0647425E+00
  -1.2599000E-02   1.3640989E+01   3.3166467E+00  -3.0647425E+00
  -1.6616000E-02   1.1868052E+01   4.1704495E+00  -3.0647425E+00
  -2.0449000E-02   9.9002404E+00   4.1704495E+00  -3.0647425E+00
  -6.1290000E-03   1.4430021E+01  -1.4032349E-01  -4.8832731E+00
  -6.9830000E-03   1.3867125E+01   1.7767204E+00  -4.8832731E+00
  -8.8130000E-03   1.2357156E+01   3.0851156E+00  -4.8832731E+00
  -1.0746000E-02   1.0379517E+01   3.3694589E+00  -4.8832731E+00
  -5.3830000E-03   1.2851958E+01  -1.4032349E-01  -6.1417361E+00
  -6.2150000E-03   1.1868052E+01   1.5638503E+00  -6.1417361E+00
  -7.3630000E-03   9.9002404E+00   1.5638503E+00  -6.1417361E+00
  -5.7950000E-03   1.0884147E+01  -1.4032349E-01  -6.5908767E+00
  -3.2530000E-02   7.0190489E+00  -3.7424436E+00   4.5775286E+00
  -2.7456000E-02   9.0514606E+00  -3.4502277E+00   4.5775286E+00
  -2.5670000E-02   9.0548224E+00   4.5338986E+00  -2.5999020E+00
  -1.6580000E-02   7.0190489E+00   3.4715287E+00  -4.1081547E+00
  -4.7890000E-02   7.9666104E+00   1.5502481E+00   7.0679702E+00
  -4.7873000E-02   9.9914783E+00   1.5502481E+00   6.6651996E+00
  -4.8933000E-02   8.9790444E+00   3.3038344E+00   6.6651996E+00
  -4.7423000E-02   6.9541765E+00   3.3038344E+00   6.6651996E+00
  -4.5925000E-02   5.9417426E+00   1.5502481E+00   6.6651996E+00
  -4.5854000E-02   6.9541765E+00  -2.0333830E-01   6.6651996E+00
  -4.5408000E-02   8.9790444E+00  -2.0333830E-01   6.6651996E+00
  -4.6415000E-02   1.1708077E+01   1.5502481E+00   5.5182040E+00
  -4.8770000E-02   1.1206816E+01   3.4209804E+00   5.5182040E+00
  -4.8896000E-02   9.8373428E+00   4.7904535E+00   5.5182040E+00
  -4.7432000E-02   7.9666104E+00   5.2917146E+00   5.5182040E+00
  -4.4755000E-02   6.0958762E+00   4.7904535E+00   5.5182040E+00
  -4.3345000E-02   6.0958762E+00  -1.6899574E+00   5.5182040E+00
  -3.9430000E-02   7.9666104E+00  -2.1912185E+00   5.5182040E+00
  -3.8594000E-02   9.8373428E+00  -1.6899574E+00   5.5182040E+00
  -4.2079000E-02   1.1206816E+01  -3.2048430E-01   5.5182040E+00
  -4.2969000E-02   1.2855073E+01   1.5502481E+00   3.8016052E+00
  -4.6783000E-02   1.2432443E+01   3.5385648E+00   3.8016052E+00
  -4.7846000E-02   1.1237630E+01   5.1830837E+00   3.8016052E+00
  -4.6908000E-02   9.4772272E+00   6.1994521E+00   3.8016052E+00
  -4.4343000E-02   7.4556266E+00   6.4119310E+00   3.8016052E+00
  -4.0001000E-02   5.5223803E+00   5.7837804E+00   3.8016052E+00
  -4.2008000E-02   1.2900538E+01   3.4616624E+00   1.7767374E+00
  -4.4386000E-02   1.1876879E+01   5.1149289E+00   1.7767374E+00
  -4.4369000E-02   1.0325115E+01   6.2867650E+00   1.7767374E+00
  -4.2238000E-02   8.4548230E+00   6.8189099E+00   1.7767374E+00
  -3.8405000E-02   1.1237630E+01   5.1830837E+00  -2.4813047E-01
  -3.8547000E-02   9.4772272E+00   6.1994521E+00  -2.4813047E-01
  -3.0193000E-02   9.8373428E+00   4.7904535E+00  -1.9647292E+00
  -2.9622000E-02   7.9666104E+00   5.2917146E+00  -1.9647292E+00
  -4.0605000E-02   4.6512978E+00  -4.5213187E+00   3.9685531E+00
  -3.6158000E-02   4.6567062E+00  -5.7970897E+00   2.4603004E+00
  -2.6411000E-02   6.6870713E+00  -5.5836887E+00   2.4603004E+00
  -2.5422000E-02   5.6850441E+00  -6.4735663E+00   6.1015473E-01
  -1.2131000E-02   6.1393909E+00   7.6486659E-01  -5.7015735E+00
  -1.4019000E-02   5.8442119E+00  -6.5234494E+00  -2.7549238E+00
  -2.3275000E-02   4.3556767E+00  -5.7224588E+00  -4.5734544E+00
  -2.5420000E-02   3.8764006E+00  -3.9168502E+00  -5.8319174E+00
  -8.4000000E-03   5.8442119E+00  -3.9168502E+00  -5.8319174E+00
  -1.4594000E-02   4.8603072E+00  -2.2126764E+00  -6.2810580E+00
  -4.1157000E-02   4.0327546E+00  -5.4844724E+00   3.2122658E+00
  -4.7159000E-02   1.2626960E+00  -7.3951233E+00   1.3621202E+00
  -4.0104000E-02   3.2361369E+00  -6.8336309E+00   1.3621202E+00
  -4.7971000E-02  -8.6681731E-03  -7.5765313E+00   2.0116511E-01
  -4.5881000E-02   2.0129323E+00  -7.3640524E+00   2.0116511E-01
  -3.9357000E-02  -9.4569825E-01  -7.8040921E+00  -1.8237027E+00
  -4.2984000E-02   9.9052822E-01  -7.9835103E+00  -1.8237027E+00
  -3.9800000E-02   2.8608203E+00  -7.4513653E+00  -1.8237027E+00
  -2.9237000E-02  -1.9419146E+00  -6.9483807E+00  -3.8485706E+00
  -3.8460000E-02  -8.6681731E-03  -7.5765313E+00  -3.8485706E+00
  -3.9222000E-02   2.0129323E+00  -7.3640524E+00  -3.8485706E+00
  -3.1437000E-02   3.7733349E+00  -6.3476841E+00  -3.8485706E+00
  -2.8751000E-02  -1.3684186E+00  -5.9550538E+00  -5.5651693E+00
  -3.6091000E-02   5.0231562E-01  -6.4563150E+00  -5.5651693E+00
  -3.5541000E-02   2.3730480E+00  -5.9550538E+00  -5.5651693E+00
  -2.7944000E-02   3.7425211E+00  -4.5855807E+00  -5.5651693E+00
  -3.0544000E-02   2.5271835E+00  -2.7148484E+00  -6.7121650E+00
  -2.6939000E-02   1.5147496E+00  -9.6126204E-01  -6.7121650E+00
  -1.8996000E-02  -5.1011830E-01  -9.6126204E-01  -6.7121650E+00
  -1.8340000E-02  -1.5225522E+00  -2.7148484E+00  -6.7121650E+00
  -2.8976000E-02  -5.1011830E-01  -4.4684347E+00  -6.7121650E+00
  -3.3548000E-02   1.5147496E+00  -4.4684347E+00  -6.7121650E+00
  -2.8717000E-02   5.0231562E-01  -2.7148484E+00  -7.1149355E+00
  -6.6920000E-03   3.7941181E+00   7.3607700E+00  -3.4922533E+00
  -7.2990000E-03   3.7907563E+00   6.0061841E+00  -5.0005060E+00
  -4.8900000E-04   1.7583447E+00   6.2984000E+00  -5.0005060E+00
  -1.2206000E-02   3.1037200E+00   7.7570209E+00   2.8591346E+00
  -3.6360000E-03   1.3356886E+00   8.7777942E+00   2.8591346E+00
   3.2470000E-03  -6.9467650E-01   8.9911953E+00   2.8591346E+00
   1.0896000E-02  -2.6363038E+00   8.3603216E+00   2.8591346E+00
   1.5814000E-02  -3.5460179E+00   8.5638092E+00   1.0089890E+00
   2.5770000E-03   7.8800818E-01   5.7876373E+00  -5.3027393E+00
   9.5230000E-03  -1.1215259E+00   6.2634136E+00  -5.4679996E+00
   1.0113000E-02  -1.6658445E+00   4.6278426E+00  -6.4524429E+00
   1.2236000E-02  -4.1602280E+00   1.6039805E+00   6.5950190E+00
   1.0424000E-02  -3.1907419E+00   3.2831797E+00   6.2531260E+00
   1.7080000E-03  -4.5364082E+00  -2.1984127E+00   7.5196487E+00
   1.7086000E-02  -7.4448665E+00  -3.8776119E+00   7.5196487E+00
   6.3590000E-03  -5.5058943E+00  -3.8776119E+00   7.5196487E+00
   2.1250000E-02  -8.8617434E+00  -4.9524219E+00   6.5352054E+00
   1.2816000E-02  -6.9939874E+00  -5.8053989E+00   6.5352054E+00
   6.2800000E-04  -4.9615757E+00  -5.5131830E+00   6.5352054E+00
   3.2178000E-02  -1.1277745E+01  -3.2191860E+00   5.0269527E+00
   1.2580000E-02  -6.9885790E+00  -7.0811699E+00   5.0269527E+00
   3.8000000E-05  -4.9582139E+00  -6.8677688E+00   5.0269527E+00
   7.4080000E-03  -5.9602411E+00  -7.7576464E+00   3.1768070E+00
   9.4580000E-03  -5.9602411E+00  -7.7576464E+00   1.2079223E+00
   4.0165000E-02  -1.3359219E+01  -1.3387764E-01   2.2198706E+00
   4.2213000E-02  -1.2528847E+01  -1.9989257E+00   2.2198706E+00
   3.8825000E-02  -8.0417157E+00   6.4461294E+00   3.6972489E-01
   3.8400000E-02  -1.0084729E+01   6.2568166E+00   3.6972489E-01
   3.8601000E-02  -1.4044844E+01   1.9127788E+00   3.6972489E-01
   3.7611000E-02  -1.1921395E+01   5.3422667E+00  -1.5991598E+00
   3.7518000E-02  -1.3303660E+01   3.8259921E+00  -1.5991598E+00
   3.8129000E-02  -1.4044844E+01   1.9127788E+00  -1.5991598E+00
   3.7592000E-02  -1.2528847E+01   3.7727170E+00  -3.4493074E+00
   3.7934000E-02  -1.3359219E+01   1.9076689E+00  -3.4493074E+00
   3.7745000E-02  -1.2053322E+01   1.9135517E+00  -4.9575601E+00
   3.7980000E-02  -1.0495827E+01   8.8689565E-01  -5.9420034E+00
   3.8674000E-02  -9.5263411E+00  -7.9230353E-01  -5.9420034E+00
   4.5300000E-04  -4.7091537E+00  -7.4495455E+00  -1.2479032E+00
  -4.6910000E-03  -3.7071265E+00  -6.5596679E+00  -5.0669355E+00
   2.9927000E-02  -8.7207604E+00  -2.9169678E+00  -6.5751882E+00
   1.3076000E-02  -5.7429000E+00  -5.4972979E+00  -6.5751882E+00
  -4.0200000E-04  -3.7104883E+00  -5.2050820E+00  -6.5751882E+00
  -1.4472000E-02  -2.1587001E+00  -3.8604494E+00  -6.5751882E+00
   1.8167000E-02  -6.1937791E+00  -3.5695110E+00  -7.5596315E+00
   8.0690000E-03  -4.2548069E+00  -3.5695110E+00  -7.5596315E+00
  -3.5904000E-02  -6.1234492E-01  -2.3025007E+00   7.5753427E+00
  -4.3685000E-02   1.4125229E+00  -2.3025007E+00   7.1725722E+00
  -3.6227000E-02   4.0008901E-01  -5.4891438E-01   7.1725722E+00
  -2.4752000E-02  -1.6247788E+00  -5.4891438E-01   7.1725722E+00
  -2.1840000E-02  -2.6372128E+00  -2.3025007E+00   7.1725722E+00
  -3.2657000E-02  -1.6247788E+00  -4.0560871E+00   7.1725722E+00
  -4.2445000E-02   4.0008901E-01  -4.0560871E+00   7.1725722E+00
  -1.9798000E-02  -6.1234492E-01   1.4389659E+00   6.0255765E+00
  -2.7677000E-02  -2.4830792E+00  -5.5427062E+00   6.0255765E+00
  -3.9825000E-02  -6.1234492E-01  -6.0439673E+00   6.0255765E+00
  -4.5615000E-02   1.2583874E+00  -5.5427062E+00   6.0255765E+00
  -4.7380000E-02   2.6278605E+00  -4.1732331E+00   6.0255765E+00
  -3.8508000E-02  -1.1233287E+00  -7.1641837E+00   4.3089778E+00
  -4.5291000E-02   8.9827180E-01  -6.9517048E+00   4.3089778E+00
  -4.6637000E-02   2.6586744E+00  -5.9353364E+00   4.3089778E+00
  -3.4454000E-02  -2.0603588E+00  -7.3917445E+00   2.2841099E+00
  -4.4980000E-02  -1.2413232E-01  -7.5711626E+00   2.2841099E+00
  -3.1334000E-02   3.1942095E+00   5.1259195E-01   7.2496597E+00
  -3.9733000E-02   5.1620209E+00   5.1259195E-01   6.8005191E+00
  -3.2805000E-02   4.1781142E+00   2.2167657E+00   6.8005191E+00
  -2.3453000E-02   2.2103029E+00   2.2167657E+00   6.8005191E+00
  -3.1668000E-02   1.2263982E+00   5.1259195E-01   6.8005191E+00
  -4.1478000E-02   2.2103029E+00  -1.1915818E+00   6.8005191E+00
  -3.7386000E-02   4.1781142E+00  -1.1915818E+00   6.8005191E+00
  -3.8916000E-02   4.6672188E+00   3.7380311E+00   5.5420580E+00
  -2.0598000E-02   2.6895790E+00   4.0223744E+00   5.5420580E+00
  -4.1175000E-02   4.6672188E+00  -2.7128472E+00   5.5420580E+00
  -3.4977000E-02   4.8635141E+00   5.6487047E+00   3.8150355E+00
  -2.6535000E-02   5.3526186E+00   7.1699700E+00   2.5565744E+00
  -2.7435000E-02   6.6364512E+00   7.4015011E+00   7.3804193E-01
  -1.5105000E-02   4.8635141E+00   8.2553039E+00   7.3804193E-01
  -1.9963000E-02   6.6364512E+00   7.4015011E+00  -1.2803744E+00
  -1.1198000E-02   4.8635141E+00   8.2553039E+00  -1.2803744E+00
  -1.8593000E-02   6.8625872E+00   5.8615747E+00  -3.0989050E+00
  -1.2027000E-02   5.3526186E+00   7.1699700E+00  -3.0989050E+00
  -1.3117000E-02   5.8269871E+00   2.3116111E+00  -5.5247311E+00
  -1.1357000E-02   5.2640906E+00   4.2286550E+00  -5.5247311E+00
  -6.9970000E-03   3.7541221E+00   5.5370502E+00  -5.5247311E+00
  -8.8600000E-04   1.7764823E+00   5.8213935E+00  -5.5247311E+00
  -1.0015000E-02   4.2489242E+00   2.3116111E+00  -6.7831941E+00
  -5.9350000E-03   3.2650175E+00   4.0157849E+00  -6.7831941E+00
  -1.1180000E-03   1.2972062E+00   4.0157849E+00  -6.7831941E+00
  -2.1390000E-03   3.1330145E-01   2.3116111E+00  -6.7831941E+00
  -1.4810000E-02   1.2972062E+00   6.0743730E-01  -6.7831941E+00
  -1.4908000E-02   3.2650175E+00   6.0743730E-01  -6.7831941E+00
  -7.0990000E-03   2.2811128E+00   2.3116111E+00  -7.2323347E+00
  -3.8110000E-03  -3.5976036E-01   4.2735964E+00   6.6224805E+00
  -1.3327000E-02   1.6080510E+00   4.2735964E+00   6.1733399E+00
  -4.9000000E-03   6.2414437E-01   5.9777702E+00   6.1733399E+00
   3.8180000E-03  -1.3436670E+00   5.9777702E+00   6.1733399E+00
   7.5050000E-03  -2.3275717E+00   4.2735964E+00   6.1733399E+00
  -4.5830000E-03  -1.3436670E+00   2.5694226E+00   6.1733399E+00
  -1.5702000E-02   6.2414437E-01   2.5694226E+00   6.1733399E+00
  -1.4441000E-02   2.6232175E+00   6.1906403E+00   4.9148787E+00
  -4.9050000E-03   1.1132489E+00   7.4990355E+00   4.9148787E+00
   3.0110000E-03  -8.6439090E-01   7.7833788E+00   4.9148787E+00
   1.1237000E-02  -2.6818141E+00   6.9533885E+00   4.9148787E+00
  -2.8390000E-03   1.4761821E+00   9.2751210E+00   2.1532048E+00
   3.3470000E-03  -5.0145769E-01   9.5594643E+00   2.1532048E+00
  -4.2690000E-03   2.7600147E+00   9.5066521E+00   3.3467236E-01
   1.4220000E-03   9.8707758E-01   1.0360455E+01   3.3467236E-01
   6.4720000E-03  -9.8073377E-01   1.0360455E+01   3.3467236E-01
   1.2062000E-02  -2.7536690E+00   9.5066521E+00   3.3467236E-01
  -2.0000000E-03   2.7600147E+00   9.5066521E+00  -1.6837440E+00
   3.1750000E-03   9.8707758E-01   1.0360455E+01  -1.6837440E+00
   7.9700000E-03  -9.8073377E-01   1.0360455E+01  -1.6837440E+00
   1.3455000E-02  -2.7536690E+00   9.5066521E+00  -1.6837440E+00
  -3.0180000E-03   2.9861507E+00   7.9667257E+00  -3.5022745E+00
   2.4940000E-03   1.4761821E+00   9.2751210E+00  -3.5022745E+00
   7.6660000E-03  -5.0145769E-01   9.5594643E+00  -3.5022745E+00
   1.3498000E-02  -2.3188809E+00   8.7294739E+00  -3.5022745E+00
   3.3170000E-03   9.8707758E-01   7.7538556E+00  -4.7607376E+00
   9.4360000E-03  -9.8073377E-01   7.7538556E+00  -4.7607376E+00
   2.0383000E-02  -4.7527780E+00   8.7341321E+00  -1.0339976E+00
   2.8134000E-02  -6.5257133E+00   7.8803293E+00  -1.0339976E+00
   1.5110000E-02  -2.7849667E+00   8.7341321E+00  -3.0524139E+00
   1.9856000E-02  -4.7527780E+00   8.7341321E+00  -3.0524139E+00
   2.6829000E-02  -6.5257133E+00   7.8803293E+00  -3.0524139E+00
   1.3433000E-02  -2.2958621E+00   7.6487982E+00  -4.8709445E+00
   1.8573000E-02  -4.2735019E+00   7.9331415E+00  -4.8709445E+00
   2.5576000E-02  -6.0909251E+00   7.1031512E+00  -4.8709445E+00
   1.4407000E-02  -2.7849667E+00   6.1275329E+00  -6.1294075E+00
   2.1118000E-02  -4.7527780E+00   6.1275329E+00  -6.1294075E+00
   2.9031000E-02  -5.7366828E+00   4.4233591E+00  -6.1294075E+00
   1.8832000E-02  -3.7688714E+00   4.4233591E+00  -6.5785481E+00
  -3.5220000E-03  -9.2978298E-02   1.6050066E+00  -6.6684707E+00
   6.5380000E-03  -1.0768849E+00   3.3091804E+00  -6.6684707E+00
  -7.5870000E-03  -1.0768849E+00  -9.9167151E-02  -6.6684707E+00
   8.4650000E-03  -2.0607897E+00   1.6050066E+00  -7.1176114E+00
  -5.7360000E-03  -2.8658110E+00   5.3667084E-01   6.6610630E+00
  -2.9010000E-03  -1.8819063E+00   2.2408446E+00   6.2119224E+00
   2.1247000E-02  -5.2469792E+00   2.9405780E+00   6.6071038E+00
   1.7514000E-02  -4.2630744E+00   4.6447518E+00   6.1579632E+00
   2.5495000E-02  -6.2308858E+00   4.6447518E+00   6.1579632E+00
   3.3319000E-02  -7.2147905E+00   2.9405780E+00   6.1579632E+00
   1.7909000E-02  -3.7739699E+00   6.1660172E+00   4.8995020E+00
   2.4141000E-02  -5.7516097E+00   6.4503605E+00   4.8995020E+00
   3.1539000E-02  -7.5690329E+00   5.6203701E+00   4.8995020E+00
   2.0933000E-02  -4.2630744E+00   7.2513510E+00   3.0809696E+00
   2.7226000E-02  -6.2308858E+00   7.2513510E+00   3.0809696E+00
   3.4800000E-02  -8.0038210E+00   6.3975483E+00   3.0809696E+00
   3.0274000E-02  -6.2308858E+00   7.2513510E+00   1.0625532E+00
   3.8721000E-02  -8.0038210E+00   6.3975483E+00   1.0625532E+00
   3.1531000E-02  -9.3259263E+00  -6.8918023E+00  -1.4850733E+00
   2.0813000E-02  -7.5529910E+00  -7.7456051E+00  -1.4850733E+00
   8.1080000E-03  -5.5851796E+00  -7.7456051E+00  -1.4850733E+00
   3.5346000E-02  -1.0552837E+01  -5.3533065E+00  -3.5034896E+00
   2.7036000E-02  -9.3259263E+00  -6.8918023E+00  -3.5034896E+00
   1.8522000E-02  -7.5529910E+00  -7.7456051E+00  -3.5034896E+00
   8.1010000E-03  -5.5851796E+00  -7.7456051E+00  -3.5034896E+00
   3.1973000E-02  -9.9713244E+00  -4.4338206E+00  -5.3220202E+00
   2.4706000E-02  -8.8911381E+00  -6.1146242E+00  -5.3220202E+00
   1.6771000E-02  -7.0737149E+00  -6.9446145E+00  -5.3220202E+00
   7.2510000E-03  -5.0960751E+00  -6.6602712E+00  -5.3220202E+00
   2.8350000E-02  -8.5368957E+00  -3.4348321E+00  -6.5804832E+00
   2.1201000E-02  -7.5529910E+00  -5.1390059E+00  -6.5804832E+00
  -4.8580000E-03  -1.7082197E+00  -6.7142342E-01  -6.7209220E+00
   2.1088000E-02  -3.7810847E+00   2.5540157E+00  -6.7209220E+00
   3.0367000E-02  -5.7587245E+00   2.8383590E+00  -6.7209220E+00
   3.5989000E-02  -7.5761477E+00   2.0083687E+00  -6.7209220E+00
   3.5685000E-02  -8.6563340E+00   3.2756510E-01  -6.7209220E+00
   9.5750000E-03  -3.2862826E+00  -6.7142342E-01  -7.9793850E+00
   1.8526000E-02  -4.2701892E+00   1.0327504E+00  -7.9793850E+00
   2.5773000E-02  -6.2380006E+00   1.0327504E+00  -7.9793850E+00
   2.5974000E-02  -7.2219053E+00  -6.7142342E-01  -7.9793850E+00
   2.0076000E-02  -6.2380006E+00  -2.3755972E+00  -7.9793850E+00
   1.1062000E-02  -4.2701892E+00  -2.3755972E+00  -7.9793850E+00
   1.8616000E-02  -5.2540940E+00  -6.7142342E-01  -8.4285256E+00
   3.0158000E-02  -1.1344050E+01  -4.5569835E+00   4.5079508E+00
   2.5035000E-02  -1.0263863E+01  -6.2377871E+00   4.5079508E+00
   1.9425000E-02  -8.4464402E+00  -7.0677774E+00   4.5079508E+00
   3.7030000E-02  -1.2363442E+01  -3.5579950E+00   2.6894183E+00
   3.1462000E-02  -1.1925562E+01  -5.4764694E+00   2.6894183E+00
   2.6472000E-02  -1.0698652E+01  -7.0149652E+00   2.6894183E+00
   2.0913000E-02  -8.9257163E+00  -7.8687680E+00   2.6894183E+00
   1.3829000E-02  -6.9579049E+00  -7.8687680E+00   2.6894183E+00
   3.5738000E-02  -1.1925562E+01  -5.4764694E+00   6.7100201E-01
   2.9822000E-02  -1.0698652E+01  -7.0149652E+00   6.7100201E-01
   2.3830000E-02  -8.9257163E+00  -7.8687680E+00   6.7100201E-01
   1.6305000E-02  -6.9579049E+00  -7.8687680E+00   6.7100201E-01
   3.6297000E-02  -1.0263863E+01  -6.2377871E+00  -1.1475285E+00
  -1.2325000E-02  -3.6578689E+00  -4.8096531E+00   6.5960772E+00
  -1.9031000E-02  -3.1687643E+00  -6.3309184E+00   5.3376161E+00
  -1.3384000E-02  -3.6578689E+00  -7.4162523E+00   3.5190836E+00
  -1.4160000E-02  -3.6578689E+00  -7.4162523E+00   1.5006673E+00
   1.7882000E-02  -7.0535213E+00  -1.1259328E+00   8.3936451E+00
   8.4540000E-03  -5.0857099E+00  -1.1259328E+00   7.9445044E+00
   1.7903000E-02  -6.0696166E+00   5.7824103E-01   7.9445044E+00
   2.4882000E-02  -8.0374279E+00   5.7824103E-01   7.9445044E+00
   2.4586000E-02  -9.0213327E+00  -1.1259328E+00   7.9445044E+00
   1.9683000E-02  -8.0374279E+00  -2.8301066E+00   7.9445044E+00
   1.1434000E-02  -6.0696166E+00  -2.8301066E+00   7.9445044E+00
   8.6220000E-03  -4.0705435E+00   7.9111111E-01   6.6860433E+00
   2.3176000E-02  -5.5805120E+00   2.0995064E+00   6.6860433E+00
   3.1322000E-02  -7.5581518E+00   2.3838497E+00   6.6860433E+00
   3.3715000E-02  -9.3755750E+00   1.5538593E+00   6.6860433E+00
   3.2091000E-02  -1.0455761E+01  -1.2694423E-01   6.6860433E+00
   2.8847000E-02  -1.0455761E+01  -2.1249213E+00   6.6860433E+00
   3.7623000E-02  -1.1475153E+01  -1.1259328E+00   4.8675108E+00
   4.0731000E-02  -1.3296392E+01  -1.5244268E+00   1.5230303E+00
   3.8318000E-02  -1.4315784E+01  -5.2543831E-01  -2.9550212E-01
   3.8302000E-02  -1.3877904E+01  -2.4439127E+00  -2.9550212E-01
   4.0648000E-02  -1.2650994E+01  -3.9824085E+00  -2.9550212E-01
   3.7049000E-02  -1.4315784E+01  -5.2543831E-01  -2.3139185E+00
   3.7037000E-02  -1.3877904E+01  -2.4439127E+00  -2.3139185E+00
   3.8580000E-02  -1.2650994E+01  -3.9824085E+00  -2.3139185E+00
   3.7321000E-02  -1.3296392E+01   4.7355021E-01  -4.1324490E+00
   3.6436000E-02  -1.3296392E+01  -1.5244268E+00  -4.1324490E+00
   3.7306000E-02  -1.2216205E+01  -3.2052304E+00  -4.1324490E+00
   3.7059000E-02  -1.1861963E+01  -5.2543831E-01  -5.3909120E+00
   3.7387000E-02  -1.0878058E+01  -2.2296121E+00  -5.3909120E+00
   3.8148000E-02  -1.0295911E+01   3.5031117E+00   5.1607359E+00
   3.8899000E-02  -1.1279816E+01   1.7989379E+00   5.1607359E+00
   3.7429000E-02  -9.8166352E+00   5.3087203E+00   3.9022747E+00
   3.6529000E-02  -1.1634058E+01   4.4787300E+00   3.9022747E+00
   3.6978000E-02  -1.2714245E+01   2.7979264E+00   3.9022747E+00
   3.8660000E-02  -1.2714245E+01   7.9994936E-01   3.9022747E+00
   3.7068000E-02  -1.0295911E+01   6.1097109E+00   2.0837423E+00
   3.6543000E-02  -1.2068847E+01   5.2559081E+00   2.0837423E+00
   3.6962000E-02  -1.3295757E+01   3.7174123E+00   2.0837423E+00
   3.8243000E-02  -1.3733637E+01   1.7989379E+00   2.0837423E+00
   3.7508000E-02  -9.1979691E+00   6.6088556E+00  -1.0699515E+00
   3.5260000E-02  -9.1979691E+00   6.6088556E+00  -3.0883678E+00
   3.6385000E-02  -1.0970904E+01   5.7550528E+00  -3.0883678E+00
   3.4419000E-02  -8.7186930E+00   5.8078650E+00  -4.9068984E+00
   3.5276000E-02  -1.0536116E+01   4.9778746E+00  -4.9068984E+00
   3.7222000E-02  -1.1616302E+01   3.2970711E+00  -4.9068984E+00
   3.4610000E-02  -7.2301578E+00   4.0022563E+00  -6.1653614E+00
   3.4830000E-02  -9.1979691E+00   4.0022563E+00  -6.1653614E+00
   3.6564000E-02  -1.0181874E+01   2.2980825E+00  -6.1653614E+00
   3.6385000E-02  -8.2140625E+00   2.2980825E+00  -6.6145021E+00
