capped-resp run #1
 &cntrl
 nmol=1,
 ihfree=1,
 qwt=0.0005,
 iqopt=2,
 /
    1.00000
KM3
    0   38
    6   -1
    1   -1
    1   -1
    1   -1
    6   -1
    8   -1
    7   -1
    1   -1
    6   -1
    6    0
    8    0
    6    0
    6    0
    6    0
    6    0
    7    0
    6    0
    6   17
    6   17
    8   11
    1   -1
    1    0
    1   22
    1    0
    1   24
    1    0
    1   26
    1    0
    1   28
    1    0
    1   30
    1   30
    1   30
    1   30
    1   30
    1   30
    1   30
    1   30


